0.9872855120605755 
0.9802083508748167 
0.6803777583629906 
0.9172749604282079 
0.9488449434000458 
0.9529263961048742 
0.9676696208861649 
0.8956379685965977 
0.9825340962553418 
0.9864278284920098 
0.8887374743053792 
0.9611818687519249 
0.9224035917087158 
0.9634676644259237 
0.9850599287246105 
0.9695985955541259 
0.9794474739202971 
0.9637241117107622 
0.8689170652131758 
0.7124338609985135 
0.9898506296908299 
0.9601103997792412 
0.9628133481492418 
0.9823788000772313 
0.9616283489027128 
0.9766336710683841 
0.84802913208598 
0.8113137649728323 
0.944099695545362 
0.969681972856611 
0.9836238335705806 
0.9379735988589942 
0.9735288704520834 
0.8672979760420917 
0.9329365229704194 
0.9603875559304913 
0.776497036881834 
0.9569829744358701 
0.7433976389385994 
0.9465043896531833 
0.9022555238363477 
0.9253915526498084 
0.9413122061482465 
0.9684713335868617 
0.9557903730292672 
0.9067697331299069 
0.97609308798674 
0.9120992700863141 
0.9512974737722516 
0.936514076250836 
0.956664534077981 
0.9753132039379591 
0.9815439843808973 
0.9342285454197903 
0.944239703062002 
0.9503090312584463 
0.9776375644146549 
0.932360235735865 
0.9495660915726419 
0.914008018938739 
0.9205295416320249 
0.9156233702304684 
0.9293710105854451 
0.9813857268725732 
0.9230598658258777 
0.9666071234545861 
0.9425016311278553 
0.8832795950330814 
0.9312157378497955 
0.8563764642230268 
0.8762593701366985 
0.6457688573884975 
0.9670134803373889 
0.9355962944717028 
0.9194526216926588 
0.9754444613354816 
0.9483883206852477 
0.9691363818469415 
0.9845058409844355 
0.9643865367230876 
0.918458510724932 
0.9818990812524951 
0.9761273042200439 
0.9782408651737085 
0.9666716924245441 
0.9763593190789894 
0.8785944748642944 
0.9556194931517279 
0.9646112822377083 
0.9913358482894491 
0.9741154292620967 
0.9539843296773349 
0.9119529640621342 
0.9881514589040359 
0.9770462771250411 
0.9258296002304893 
0.9511521046530733 
0.8922874547660755 
0.9429052547233517 
0.9778721577172541 
0.9638187972065795 
0.969787808799465 
0.9868934799058733 
0.9074777161206261 
0.9746026625522939 
0.9042724641309899 
0.9288552784523855 
0.9668485638910418 
0.8365722281053278 
0.9503306517464033 
0.9748524242196677 
0.9706722277611037 
0.8017183422754315 
0.7699996393549511 
0.827335147405576 
0.9836698484753814 
0.9786659566966137 
0.815358053822733 
0.8465129425394128 
0.97747775358665 
0.6686960725057954 
0.9573607136691988 
0.969039584720207 
0.96521648753498 
0.9702803777039238 
0.963322311409813 
0.9752398153916215 
0.7311743409524506 
0.8689627317489045 
0.9737639064586102 
0.948432342552576 
0.9546436734451549 
0.944423773549678 
0.7499325604420743 
0.9177839351939872 
0.9500784171401087 
0.9483440198732036 
0.9735456556256299 
0.7959361817276605 
0.7324177977685398 
0.9790276096289923 
0.9812834356503564 
0.9702864524220572 
0.9521907109235757 
0.8870502707173277 
0.9505231042771004 
0.9688473139091622 
0.9877768982144115 
0.9610083592146346 
0.9829455700795448 
0.9689441428930177 
0.9601823014359718 
0.9504078542347544 
0.8943431631441969 
0.8849725611167509 
0.979629485557841 
0.9728620606526857 
0.9513016338908954 
0.9730506265691995 
0.9147244158380373 
0.7796107806300813 
0.936276052481892 
0.8749858637234581 
0.9706883367236069 
0.9353431894232205 
0.9599351846784825 
0.9663910789982432 
0.9774312009211149 
0.976347459104788 
0.9509543773862846 
0.9443327983686759 
0.8984755744061909 
0.9561123015134758 
0.9455446795257504 
0.8323559516200177 
0.9399856067914976 
0.9078511283504612 
0.9584435742982537 
0.9633197608516324 
0.9879358514618416 
0.9857646378800656 
0.9748111515329483 
0.9746876492901332 
0.9929292565306812 
0.9734549973722486 
0.9341402980167378 
0.9542467780240917 
0.925423519777361 
0.9820082814232448 
0.9391160504736399 
0.9539096148598316 
0.9289756534735585 
0.8784026604659995 
0.9417280732658054 
0.9722368903987604 
0.8881879648136611 
0.9697939614951862 
0.9302116981146773 
0.9640667752187069 
0.9613115060488167 
0.9269363165819676 
0.8861646682391782 
0.965395992424114 
0.9782656096676419 
0.9353509997834217 
0.9693884235894012 
0.8765800375820652 
0.9362113199671156 
0.9245280717183105 
0.9858484186148787 
0.9753814385488392 
0.8420723066757568 
0.9870834194059114 
0.9303777639193577 
0.9047196060667073 
0.9731496868138048 
0.9890546853280523 
0.9406472220064547 
0.9716627954438454 
0.9344164040425423 
0.9639843288273114 
0.9178498768515889 
0.9412424151079443 
0.9574008493293485 
0.9594697635450988 
0.8831636410131634 
0.9088248018784464 
0.9827856996757817 
0.8202148569744324 
0.9280857022370428 
0.8849038985983502 
0.9217314394738542 
0.9827493649228316 
0.9294710817933065 
0.8628571842868352 
0.981626470221573 
0.7120174150074855 
0.9194023256704588 
0.8049870515109392 
0.9905097770519673 
0.9181488544560613 
0.9849957676784882 
0.9284751412738421 
0.9552910130495186 
0.69477326446396 
0.7266438841247566 
0.9262452236004094 
0.7816190068956395 
0.9245781270575535 
0.8310557281212921 
0.937741843901861 
0.9786134320737897 
0.9558088283461449 
0.9490502846060099 
0.9903042383591346 
0.9887608553259013 
0.8938922227799151 
0.9863263579475054 
0.9659833569868619 
0.9582710348370272 
0.9769952289755793 
0.9689705070141555 
0.9879768561267033 
0.9757435430356189 
0.9358326412764061 
0.9587922314960479 
0.9830908167533783 
0.9007314797838906 
0.9130672287631677 
0.8997036218195459 
0.6458084016006996 
0.9721171894010373 
0.9612233527496069 
0.972566742425981 
0.9626810696141214 
0.9330450684149841 
0.9128044740223051 
0.9678429546083003 
0.8133888401356366 
0.8943738266661614 
0.9271176881119287 
0.8724360905236148 
0.9809035647364645 
0.9845005278198377 
0.9565684922106635 
0.9641062327101775 
0.9330176928204783 
0.9275466319800648 
0.980090066707859 
0.9820381337117378 
0.9119694471821376 
0.8657402751599566 
0.9646913758409604 
0.8005240799386275 
0.9834578289931744 
0.7720674327359535 
0.9081745636744835 
0.8641293345586071 
0.98392350033863 
0.9570629791665441 
0.9830613620625737 
0.9364895256795828 
0.9691133658768792 
0.9594770469900785 
0.9708225556665261 
0.9856902394644786 
0.9808160388754149 
0.9313791399894252 
0.9345376452179438 
0.8859149166816638 
0.9641309024124496 
0.9761472708280449 
0.9352746141277043 
0.8821012300318926 
0.8953409018820907 
0.9103814477686136 
0.9455226350712793 
0.8465145267237004 
0.9877954092219347 
0.9632928385737746 
0.9880517851916045 
0.9537077590931368 
0.9738387725759052 
0.9800393994501054 
0.9699843141709864 
0.9586545965871908 
0.8507119778741489 
0.943499611262865 
0.9617621668013098 
0.9502166280360052 
0.9888685280837893 
0.9894077068993838 
0.9720347373902285 
0.9771055846731909 
0.9378518805659836 
0.9314335357535596 
0.8901386012586762 
0.7221196824416075 
0.8839895678881972 
0.9757533716793854 
0.9794955807565153 
0.8920601607188805 
0.9072853231185866 
0.9948200177795247 
0.9777036619883567 
0.9587995528068777 
0.9044159052677304 
0.97538035009832 
0.966567632864335 
0.9376902553510178 
0.9224973194540796 
0.8801920735364978 
0.9810358065303887 
0.9832503930826245 
0.9785348661704019 
0.9522547252184491 
0.9410905992085496 
0.8722412505389849 
0.9797469654960527 
0.9835088389540144 
0.7404616950439028 
0.7944723971253504 
0.9502403445158449 
0.9237058256524463 
0.915345261047673 
0.9603187900866903 
0.9741535371708957 
0.9786731025597576 
0.9593915988752347 
0.9793793300348353 
0.9330426462777113 
0.9452272901076169 
0.9566712314249264 
0.8592185134632718 
0.9285519628434651 
0.9637933591845259 
0.9222865541464922 
0.9599689272113916 
0.9262330974426266 
0.9680066338773562 
0.9417779329467455 
0.9498573155086515 
0.9364130307460093 
0.9587917957785799 
0.9677883315654447 
0.9827402083395081 
0.911759544650652 
0.9799128299937442 
0.978298402312664 
0.9458590302731529 
0.9369687155091975 
0.9864676605672259 
0.9231257574275082 
0.82392504644702 
0.9892398936899368 
0.8997545248738797 
0.9787277419685211 
0.9559691817733668 
0.9446604529464986 
0.9854062765822197 
0.9006126783428315 
0.9689900351416042 
0.8100666723970452 
0.9820816457176974 
0.9701077718576073 
0.963086841958226 
0.8437215051689357 
0.9584079785372043 
0.9885252236193102 
0.9618603697487572 
0.9716627058966882 
0.9575781768291712 
0.9803364430548256 
0.9614018237472999 
0.9861107131950808 
0.9296811714378619 
0.9082172777941353 
0.9672250573901784 
0.9652798131639312 
0.9648322567561324 
0.9726829362967935 
0.9864196830141554 
0.6826619852545974 
0.9584174229136714 
0.9578139950435447 
0.8309113921669825 
0.9371483241970843 
0.9199620034709048 
0.9877589413845528 
0.9121862111726372 
0.879278390947201 
0.9762611567259573 
0.9711675698697678 
0.9570860730692751 
0.9725315382904552 
0.972156003717261 
0.9486405535316464 
0.9533050178365388 
0.9832843396325969 
0.9772498386550919 
0.9140094501001605 
0.8963890233686189 
0.9361938092788576 
0.9822957691043148 
0.9564272515387745 
0.9554003499299356 
0.9556236828033777 
0.9029593700612938 
0.9732015104929425 
0.9583215029022109 
0.976560742728111 
0.9486861754888604 
0.9710625541088671 
0.9852619574111047 
0.9639864486270211 
0.9653926980579827 
0.842335025684162 
0.9813253741097395 
0.9886008601728055 
0.9951149818148182 
0.9845263055987222 
0.9006152635094689 
0.920554913008907 
0.9804394193334963 
0.9844839226368794 
0.9844333442111807 
0.9488045625610471 
0.7328216678881936 
0.8929937994030015 
0.9764829307884626 
0.9575008485440327 
0.9658439890010779 
0.9672549770635135 
0.9231085392903686 
0.9398283877811866 
0.9372929173018598 
0.9762483069329677 
0.9517009147075552 
0.9895969747260835 
0.9689651841998829 
0.9704541933444667 
0.9803103058116506 
0.9844895308843463 
0.984489252640973 
0.9265480690593492 
0.9373167256936485 
0.9827749220707075 
0.9878414006524152 
0.9765705144630773 
0.7402331552249101 
0.9607164615417165 
0.8419091414062714 
0.9693847978700412 
0.9822536564822008 
0.950296368287164 
0.9931101819875107 
0.9788597957184777 
0.8987038724243576 
0.9732981863751036 
0.9412184684743455 
0.9318954313181004 
0.9732443267832198 
0.7933063152457731 
0.8803667189508139 
0.7350397218468163 
0.790417546771978 
0.9695994291106234 
0.9451307180486304 
0.9867221375076343 
0.9736181501029832 
0.9778879720526719 
0.8440765477763685 
0.9615573522125695 
0.9769004223529021 
0.9366413139184194 
0.9624522028858422 
0.9571381792277416 
0.8950575117783204 
0.9386347160297912 
0.9658701677960039 
0.7803912447841718 
0.8579843532093646 
0.7875824112838592 
0.9539232065387823 
0.9676291998434546 
0.9579386643953273 
0.9769637799212475 
0.8947688853040828 
0.9733135445554753 
0.9865742700376251 
0.7689460558993172 
0.9784620850181934 
0.9578290496111455 
0.880468237442134 
0.984650116073198 
0.935380456748237 
0.9721241931104777 
0.9459797249721286 
0.93055888357005 
0.9432461588999798 
0.9731419064745817 
0.9271476527265249 
0.9754717326600061 
0.9892588718372965 
0.9573587027910324 
0.9561024085096645 
0.8444476555125845 
0.76293578128443 
0.9408640975536217 
0.961421895033543 
0.9756716296927236 
0.9383417157398904 
0.9668348850464458 
0.927914379526324 
0.9371625620865521 
0.9137963317393594 
0.9191668498393609 
0.9501612725868888 
0.8141171293648266 
0.9439155687142835 
0.9814083559677075 
0.9603208578997651 
0.9494769179060661 
0.9595571673430727 
0.9241183703710389 
0.8730862023373424 
0.9704993416255284 
0.912885522000625 
0.9711610523746524 
0.9255018007931457 
0.9760551478810349 
0.9612196160600252 
0.9718924307238029 
0.973617216006006 
0.9067842860274213 
0.9851685286878862 
0.9883623867753156 
0.7622852935758976 
0.9741520250193627 
0.9719507174482858 
0.976394708468277 
0.868312524536093 
0.6694017268847607 
0.9674188731008855 
0.8091037972672696 
0.9246173875396755 
0.9851182693778214 
0.8699275607208068 
0.9911939864035828 
0.9404838987074964 
0.8823743650567821 
0.9783098381972042 
0.8731317484857524 
0.9033104525027122 
0.9581726236200645 
0.8833211147843733 
0.9784483823399108 
0.9650280905585751 
0.9608640034490448 
0.7119502292739848 
0.9837230363727455 
0.9621156227350439 
0.962310071004061 
0.9063720194998086 
0.7846747806934807 
0.8953293732835338 
0.8993113079617657 
0.942587251408357 
0.8693631618541094 
0.9490186820198777 
0.9335606344390048 
0.9169899734068525 
0.9174088479301509 
0.941404155684841 
0.9871754340621979 
0.9843226780730198 
0.9563276593815263 
0.9861155594368323 
0.9733622396571999 
0.9802782385329938 
0.9895497335711537 
0.7631927471853956 
0.9859434141483973 
0.9832289844781292 
0.9152962937083463 
0.9116627491706126 
0.9537267083282092 
0.9293766930650855 
0.9829604037791826 
0.9683660199876293 
0.9906345426878432 
0.9589633918162099 
0.9718976707011405 
0.8374880233680307 
0.971071202522632 
0.9353733979399779 
0.978312548121243 
0.7856553979825552 
0.9510262077505383 
0.7337750669780972 
0.8639186111905899 
0.9326446255667425 
0.9903631941122932 
0.9723283010188807 
0.799494970674039 
0.8647998131989882 
0.9716632529818171 
0.9861210049131266 
0.9609772538299984 
0.9707188696036536 
0.9739052479330865 
0.9458328529978269 
0.9671440345403796 
0.9756923477654852 
0.9705285073546485 
0.936597876546733 
0.9150961749273855 
0.9668372366357133 
0.9357644730948684 
0.862161832353998 
0.9716469024336084 
0.8592645015380795 
0.9658942537388375 
0.8752191840658102 
0.9201801566187268 
0.8922102461704619 
0.8378235820316493 
0.9825310343836541 
0.9694618473361787 
0.9887909751226287 
0.9401292709909478 
0.9836509578069532 
0.9833200747177745 
0.9788549487597341 
0.7467569846723948 
0.9466012455735364 
0.9633236534701208 
0.9752075450455479 
0.9833381380259805 
0.9728631315608619 
0.9406741498960827 
0.96862311229072 
0.9455836240870908 
0.959431272915141 
0.9530536627038735 
0.9833707689597123 
0.9681485685179824 
0.9752355559218863 
0.8772814047571567 
0.890847636989765 
0.9782553983492774 
0.9314644087078235 
0.9408462651081078 
0.7552433793195421 
0.9176536217034216 
0.8713775249411231 
0.971588679282839 
0.9675534097109243 
0.9561785662418769 
0.9156787181759358 
0.8399026442034769 
0.968344866593751 
0.9690210557957191 
0.9804753865078658 
0.8254520512827687 
0.9641827225252958 
0.9361254269688613 
0.9761718742924532 
0.9474405003801424 
0.97248913381033 
0.9289825603465957 
0.969239155706085 
0.9237999891303278 
0.9159321721242994 
0.9090012712019732 
0.9845505734789461 
0.8968387169272161 
0.8257110414753458 
0.9900445064322564 
0.8833725858198034 
0.949825617331664 
0.8468249205959295 
0.7891192353976235 
0.9493015769182136 
0.9349561762034306 
0.9615879131696365 
0.9922281083876395 
0.9735200176329111 
0.9885976783869869 
0.9635359865763373 
0.9607580208783939 
0.8845249553031125 
0.9208469788766596 
0.9796291022608448 
0.9621992839616907 
0.9753842359755444 
0.8706184194400596 
0.9895230465701615 
0.9743478174348077 
0.9654447577389128 
0.9533325463184369 
0.927841063944167 
0.9900886039356941 
0.9337745274267174 
0.7292792046996962 
0.9538471461509228 
0.9667291299319043 
0.9330440667781262 
0.9892326075028517 
0.9403109895923568 
0.9692337753392626 
0.9760466247402733 
0.8824079698280793 
0.8417239186860508 
0.8702544946526245 
0.8868067774317037 
0.976388496403446 
0.9786622571659465 
0.982731203574943 
0.9827751196591713 
0.9449934413126369 
0.9499312114364038 
0.9628968007688122 
0.9257645385554258 
0.9455111126709498 
0.9079591224033908 
0.9905511686787518 
0.9363926040297549 
0.9797981203565151 
0.9376454746515073 
0.7463126313144046 
0.9797058231965776 
0.9407189163576661 
0.9585921154808946 
0.9771322429925906 
0.884521822255774 
0.9917785958170336 
0.722382230226225 
0.9677286409813938 
0.9503421807386863 
0.916403589066784 
0.9533581390183992 
0.9821686321011064 
0.8730352323673571 
0.9651133006514003 
0.8527037097897852 
0.860217853364778 
0.8606379960643742 
0.6992575944453362 
0.9701154119899992 
0.9711885247961551 
0.9354857535221224 
0.9833821256301147 
0.9774792061815575 
0.9786872370709034 
0.9804551088498948 
0.8746690286252766 
0.9710667141035435 
0.970125653988688 
0.9014753703508218 
0.9827406161784975 
0.861497713273484 
0.975341935560972 
0.9729722074878253 
0.9544998909808771 
0.9890309176259077 
0.9589738819932241 
0.7687507147808327 
0.8938047062262677 
0.9088214459705706 
0.9177919439642779 
0.9561111579297965 
0.939405454479102 
0.9230923395147771 
0.7859390504565247 
0.9537591520289556 
0.9656567441590163 
0.9429009679669789 
0.8928644637840717 
0.8847800934206335 
0.9689586349182883 
0.9442300881812221 
0.9819159366912387 
0.9333155417225988 
0.9380933072716637 
0.7778586589746357 
0.9748097451330786 
0.8048545839208974 
0.9565178427139351 
0.9695368846127452 
0.9679945114527516 
0.9867565727321673 
0.980579379573348 
0.9479011685431834 
0.9504118179472208 
0.9321827160016176 
0.9357468478112388 
0.9211380168670905 
0.9722052518267084 
0.9734980781710623 
0.9830520848614639 
0.6730800184914997 
0.8576016115829548 
0.883381956296836 
0.9712966841046019 
0.953552126314459 
0.9807624847428718 
0.9668471287839769 
0.9270284417930447 
0.9497494265020494 
0.8887451962538274 
0.9176392516439623 
0.7998388119097251 
0.9561987475973404 
0.9517622405448193 
0.954305538564163 
0.9781740193610338 
0.9601108163144161 
0.8953272996016558 
0.9582696572053683 
0.9532492091075327 
0.9800112237795561 
0.95898693878878 
0.9203528345266448 
0.9376270311141625 
0.9762833901663093 
0.8814728513552452 
0.95320025177544 
0.961778631137474 
0.9875219352598915 
0.9770922517796525 
0.9674780773743268 
0.884404412230001 
0.9602127497576107 
0.8483049207936101 
0.9767223757796449 
0.9780511109549073 
0.9401028401214824 
0.819198771870957 
0.9763015101093024 
0.9698896949477376 
0.9217855975493585 
0.9096585367456311 
0.9817730609906163 
0.9489062988272963 
0.9880787758358316 
0.9678859227321496 
0.9693979915285851 
0.9848425554811664 
0.8186882306942939 
0.9598597228205223 
0.9743734842880055 
0.9152622833389717 
0.9884986877988361 
0.9853243640992533 
0.8839143956348723 
0.9720327397460939 
0.9719387148134395 
0.8065895331750749 
0.9617051098695377 
0.957760353783149 
0.9533307721033999 
0.891217273909478 
0.9495460170153714 
0.970987244987213 
0.9776641158987549 
0.8505804948826451 
0.8991066659187406 
0.9683343818096054 
0.8873873972456293 
0.9857151506091855 
0.9644457189381215 
0.9639000108746189 
0.9712129679656119 
0.9715975005332542 
0.9037115218426909 
0.8955177048577928 
0.9040216040738595 
0.8842962393595982 
0.9515113256784127 
0.9751699906175246 
0.6316019434856869 
0.6370726850693045 
0.9724317633296213 
0.9206038971282509 
0.7497204066034507 
0.9358178816316851 
0.9882413732124341 
0.9490805454617636 
0.9566308269600432 
0.9284534049930772 
0.9347836359131046 
0.8853092943001327 
0.9567176985080877 
0.9583578279147904 
0.9505397058560516 
0.9219652276338214 
0.9738641379562519 
0.9817375949698078 
0.9689715869956085 
0.9737580636264285 
0.9699581705605534 
0.971542331163138 
0.9492615050528027 
0.9620912667750917 
0.9317576133478563 
0.8689970990235708 
0.9448323392468645 
0.9412393375245816 
0.9802923884698803 
0.9132369055606491 
0.9579809018757005 
0.9687592450323753 
0.9797402647028792 
0.7401055013961803 
0.9691237941905083 
0.9622664328330128 
0.9546222536957486 
0.9739834487377651 
0.9558935989414561 
0.9157122373561699 
0.9663888099910367 
0.9669284540816931 
0.9330682185788349 
0.9909091367124017 
0.9636112361917296 
0.9278265994061508 
0.9115053510534235 
0.9167662064421707 
0.9679473342171944 
0.9609072165761058 
0.9432647451229648 
0.9497819382016367 
0.8506580213148848 
0.972915112076579 
0.949364905945621 
0.94295305883089 
0.9589548554484743 
0.959759165613206 
0.809350007220963 
0.9770776621876438 
0.9654932330154663 
0.932796635710627 
0.9372750465756571 
0.9694205551511001 
0.9373309479807318 
0.8947787245205953 
0.9558376055084864 
0.7403015457796791 
0.816789194190876 
0.9705542130388313 
0.8201909957527767 
0.983168151655619 
0.9500896771520981 
0.9548214571154788 
0.8151075576148437 
0.8826987728425385 
0.9244896481159027 
0.9739193711988101 
0.9162565094715236 