0.987285 
   0.980208 
   0.682886 
   0.916044 
   0.947377 
   0.951433 
   0.967102 
   0.890338 
   0.946025 
   0.932894 
     0.8892 
   0.984657 
   0.940041 
   0.946995 
   0.983349 
   0.975251 
   0.966516 
   0.961504 
   0.833133 
   0.755985 
   0.980838 
   0.930266 
   0.963234 
   0.979776 
   0.972003 
   0.975432 
   0.880854 
   0.810195 
   0.939916 
   0.959712 
   0.967171 
    0.97265 
   0.973944 
   0.849037 
   0.916193 
   0.941068 
     0.7622 
   0.953334 
   0.733108 
    0.93822 
   0.901201 
   0.927399 
   0.937737 
   0.967232 
   0.958197 
   0.905358 
    0.97125 
   0.910822 
   0.945845 
   0.929596 
   0.951363 
   0.976102 
   0.978142 
   0.926244 
   0.944137 
   0.948634 
   0.968063 
   0.929899 
    0.94952 
   0.895434 
    0.91966 
   0.913297 
   0.855646 
   0.966419 
   0.932681 
   0.960839 
   0.900847 
   0.776525 
   0.925903 
     0.8554 
     0.8833 
   0.657813 
    0.95179 
    0.93416 
   0.920015 
   0.969483 
   0.939598 
   0.937118 
   0.978108 
   0.980377 
   0.901606 
   0.987209 
   0.967672 
   0.959898 
   0.975208 
   0.953946 
    0.88209 
   0.958451 
   0.964412 
   0.987373 
   0.957209 
   0.940302 
   0.910802 
   0.984189 
   0.957945 
   0.934567 
   0.951965 
   0.884009 
   0.938728 
   0.966081 
    0.96258 
   0.960234 
   0.988243 
   0.910271 
   0.982953 
   0.852399 
   0.932792 
   0.946055 
   0.836801 
   0.950278 
   0.936877 
   0.957318 
   0.782502 
   0.740297 
   0.827379 
    0.97556 
   0.967621 
    0.79061 
   0.848245 
   0.975219 
   0.622164 
   0.962576 
   0.960519 
   0.959334 
   0.983796 
     0.9535 
    0.98033 
   0.732094 
   0.847333 
   0.970862 
   0.953009 
   0.957632 
   0.950007 
   0.766356 
   0.918556 
   0.893551 
   0.948415 
   0.972327 
   0.789546 
   0.728996 
   0.975803 
    0.97543 
   0.966745 
   0.950502 
   0.888165 
   0.939219 
    0.93394 
    0.98445 
   0.941103 
   0.987535 
   0.962277 
   0.959024 
   0.977107 
   0.919972 
   0.891562 
    0.97715 
   0.975206 
   0.941345 
   0.971755 
   0.914291 
   0.758156 
   0.933925 
   0.880854 
   0.969233 
   0.925269 
   0.959039 
   0.965954 
   0.939716 
   0.949674 
   0.948289 
   0.941819 
   0.895974 
   0.960926 
   0.913635 
   0.824332 
   0.940568 
   0.906871 
   0.932264 
   0.963393 
   0.982752 
   0.980646 
   0.973568 
   0.973512 
   0.996867 
   0.973288 
   0.935126 
   0.956141 
   0.921733 
   0.979949 
   0.938129 
   0.952933 
    0.92886 
   0.797432 
   0.901858 
   0.966082 
   0.899896 
   0.967085 
    0.91471 
   0.963308 
   0.960988 
   0.926815 
   0.840693 
    0.97476 
   0.976107 
   0.934014 
   0.976662 
   0.852896 
   0.928424 
   0.920228 
   0.986264 
   0.971927 
   0.842276 
   0.980534 
   0.881273 
    0.88113 
   0.969078 
    0.97829 
   0.942565 
   0.974088 
   0.912735 
   0.945902 
    0.91188 
   0.941913 
    0.95424 
   0.933579 
   0.894942 
   0.903131 
   0.972505 
   0.847671 
   0.898521 
   0.884698 
   0.920078 
   0.977221 
   0.907378 
   0.868108 
   0.974244 
   0.714331 
   0.912868 
   0.804293 
   0.992837 
   0.920993 
   0.981403 
   0.910397 
   0.953727 
   0.695404 
    0.74195 
   0.924713 
   0.789907 
   0.899641 
   0.826176 
    0.94038 
   0.967872 
   0.934813 
   0.944017 
   0.987987 
   0.988152 
    0.90421 
   0.986661 
   0.959555 
   0.965375 
   0.980073 
    0.96897 
   0.994176 
   0.976272 
   0.939421 
   0.939813 
   0.981489 
   0.891486 
   0.897244 
   0.883084 
   0.639529 
   0.969723 
   0.957373 
   0.971608 
   0.962313 
   0.932724 
   0.882217 
   0.964634 
   0.793881 
   0.871924 
   0.921509 
   0.848898 
   0.918913 
   0.982666 
   0.957703 
   0.943473 
   0.926095 
   0.932799 
   0.982109 
   0.972511 
   0.915391 
   0.866961 
   0.961033 
   0.809174 
   0.972558 
    0.77662 
   0.923434 
    0.86226 
   0.932451 
   0.961542 
   0.992287 
   0.932608 
   0.968642 
   0.950918 
   0.951408 
   0.976929 
   0.977603 
    0.93124 
   0.947274 
    0.87358 
   0.965949 
    0.97589 
    0.92379 
   0.879161 
   0.901224 
   0.930172 
   0.939292 
   0.845149 
   0.983503 
   0.953734 
   0.987122 
    0.95228 
   0.965327 
   0.980308 
   0.940255 
   0.978075 
   0.857323 
   0.938017 
   0.978625 
    0.94293 
    1.01991 
   0.987483 
    0.94773 
    0.97457 
   0.931971 
   0.917482 
   0.884704 
   0.715326 
   0.887542 
   0.974151 
    0.95494 
   0.902048 
   0.914964 
   0.994375 
   0.994893 
   0.954817 
   0.900948 
   0.981043 
   0.981107 
   0.937632 
   0.907135 
   0.877634 
   0.952518 
    0.96965 
   0.967297 
   0.951624 
   0.939709 
   0.836713 
   0.966851 
   0.982256 
   0.731323 
   0.850074 
    0.93708 
   0.923693 
   0.915952 
    1.00294 
   0.961104 
   0.976311 
   0.957905 
   0.974119 
   0.940006 
   0.943308 
   0.949211 
   0.858454 
   0.927171 
   0.958656 
   0.926338 
   0.955706 
   0.919525 
   0.969811 
   0.943368 
   0.948653 
   0.981891 
    0.96096 
   0.959852 
   0.997937 
   0.872352 
   0.975099 
   0.976255 
   0.860984 
   0.914144 
     1.0361 
   0.897358 
   0.822863 
   0.989039 
   0.900927 
   0.972207 
   0.907777 
   0.922567 
    0.98156 
   0.892662 
   0.968776 
   0.810917 
   0.978856 
   0.982132 
   0.963098 
   0.845404 
   0.959314 
   0.969786 
   0.952964 
   0.979304 
    0.91232 
   0.978107 
   0.961262 
    0.98534 
    0.92499 
   0.909851 
   0.959787 
   0.965487 
   0.978212 
   0.886409 
    1.00434 
   0.687242 
   0.958696 
   0.955949 
   0.836816 
   0.943583 
   0.909374 
   0.975452 
   0.886973 
   0.869837 
   0.974191 
   0.934984 
    0.95743 
   0.973159 
   0.955955 
   0.938015 
   0.920829 
   0.979174 
   0.980849 
   0.923581 
   0.908342 
   0.975891 
   0.975271 
   0.955442 
   0.953025 
   0.972783 
   0.905585 
   0.972148 
   0.957337 
   0.975897 
   0.945689 
    0.96453 
    1.00971 
   0.959565 
   0.972448 
   0.820952 
   0.982053 
   0.987203 
   0.993713 
    0.97572 
     0.8974 
   0.919688 
   0.975911 
   0.975741 
   0.984329 
   0.945409 
   0.734217 
   0.892619 
   0.983569 
   0.836209 
   0.965595 
   0.969902 
    0.93859 
   0.923558 
   0.940337 
   0.947633 
   0.924982 
   0.989623 
   0.951212 
   0.943603 
   0.970906 
    1.01662 
   0.982499 
    0.91451 
     0.9399 
   0.951205 
   0.914709 
   0.971892 
   0.740866 
   0.960818 
   0.862277 
    0.89499 
   0.972109 
   0.943926 
    1.01494 
     0.9478 
   0.884765 
   0.928004 
   0.945131 
   0.946641 
   0.985789 
   0.791263 
   0.879718 
   0.737209 
   0.790862 
   0.970512 
   0.934592 
   0.902343 
    0.88972 
    1.00648 
    0.83932 
   0.974018 
   0.971244 
   0.934785 
   0.948508 
   0.925695 
     0.9077 
   0.845781 
   0.968268 
    0.77061 
   0.851779 
   0.768967 
   0.959963 
    0.95258 
   0.953202 
   0.971746 
    0.88097 
   0.976682 
   0.995495 
   0.771545 
   0.979206 
   0.961861 
   0.880171 
   0.971707 
   0.938408 
   0.971139 
   0.941324 
   0.922145 
    0.91664 
    0.95992 
   0.922662 
   0.978273 
   0.980727 
   0.952098 
   0.951267 
   0.838347 
    0.76203 
   0.940771 
   0.956389 
   0.953037 
   0.921429 
   0.927181 
   0.913724 
    0.93508 
   0.914589 
    0.91918 
   0.940002 
    0.81997 
   0.944814 
   0.980721 
   0.957152 
   0.940673 
   0.962391 
   0.920029 
   0.872177 
    0.96152 
   0.894808 
   0.971449 
   0.927799 
   0.985064 
   0.982881 
   0.966133 
   0.965719 
   0.903193 
   0.983983 
   0.957236 
   0.761522 
   0.969755 
   0.959537 
   0.980866 
   0.864912 
   0.669901 
   0.966384 
   0.792614 
   0.905544 
   0.978205 
   0.880194 
   0.989515 
   0.931196 
   0.868606 
   0.978042 
   0.872073 
   0.893335 
   0.949567 
   0.869944 
   0.978725 
   0.961263 
   0.963377 
   0.726006 
   0.977913 
     0.9677 
   0.957653 
   0.910531 
   0.784913 
   0.898925 
   0.889095 
   0.940328 
   0.870141 
   0.922368 
   0.931328 
   0.917274 
   0.876562 
   0.920568 
   0.983316 
   0.959034 
   0.934135 
   0.981171 
   0.969769 
   0.955189 
    0.98429 
   0.762738 
   0.982453 
   0.995126 
   0.887096 
   0.918799 
   0.951191 
    0.93446 
   0.982517 
    0.95953 
   0.988229 
   0.958771 
   0.974913 
   0.847826 
   0.969667 
   0.914101 
   0.978751 
    0.78479 
   0.945625 
   0.733257 
   0.868249 
   0.926747 
   0.989612 
   0.970537 
   0.803135 
   0.876077 
    0.96155 
   0.984503 
   0.959596 
   0.918711 
   0.930571 
    0.94264 
   0.963733 
   0.977144 
   0.970171 
   0.937234 
   0.922452 
   0.966257 
   0.935265 
   0.861363 
   0.935094 
   0.859067 
   0.964434 
   0.858689 
   0.900677 
   0.891188 
    0.83698 
   0.977317 
   0.968015 
   0.988269 
   0.931628 
    1.01178 
   0.987375 
    0.97924 
   0.747398 
   0.967378 
   0.960676 
   0.975585 
   0.980486 
   0.973426 
   0.942009 
   0.966221 
   0.927003 
   0.966287 
   0.955185 
   0.982896 
   0.965891 
   0.982213 
   0.879527 
   0.878867 
   0.975558 
   0.929552 
   0.950061 
   0.752453 
   0.911756 
   0.872651 
   0.975008 
   0.983825 
   0.968201 
   0.918605 
   0.841906 
   0.967634 
   0.920381 
   0.995799 
   0.809922 
   0.970193 
   0.988171 
   0.974066 
   0.932608 
   0.975282 
   0.928604 
   0.967437 
   0.917286 
   0.895601 
   0.904633 
   0.940739 
   0.896809 
   0.789789 
   0.989204 
   0.887366 
   0.931624 
   0.847249 
   0.796099 
   0.946068 
   0.927413 
   0.943406 
   0.976676 
   0.977996 
   0.953208 
   0.970702 
   0.969832 
   0.875935 
    0.91377 
   0.878416 
   0.943442 
   0.968458 
   0.876878 
   0.989683 
   0.973415 
   0.956683 
    0.95499 
   0.928551 
    0.97347 
   0.934085 
   0.693635 
   0.951315 
   0.962165 
   0.933943 
   0.987941 
   0.939496 
   0.956994 
   0.971537 
   0.883705 
   0.843573 
    0.86948 
   0.887317 
   0.972085 
   0.975728 
   0.942386 
    0.98327 
   0.945881 
   0.949277 
   0.927222 
   0.924511 
   0.915998 
   0.903298 
   0.988909 
   0.937633 
   0.975502 
   0.938185 
   0.735413 
   0.977223 
   0.923031 
   0.953952 
   0.967463 
   0.885143 
   0.976643 
   0.734508 
   0.960233 
   0.950373 
   0.913521 
   0.946929 
   0.955528 
   0.897024 
   0.961785 
   0.839145 
   0.850846 
   0.878147 
   0.697262 
   0.970227 
   0.966549 
     0.9334 
   0.948569 
    0.87785 
   0.981132 
   0.980615 
   0.874424 
   0.974975 
   0.969878 
   0.908012 
   0.979889 
   0.851634 
   0.971024 
    0.96478 
    0.94173 
   0.989167 
   0.955885 
   0.767008 
   0.896036 
   0.912629 
   0.893391 
   0.952822 
   0.931783 
   0.938065 
   0.786711 
   0.935045 
   0.964965 
   0.935486 
   0.908639 
   0.896348 
    0.97351 
   0.944257 
   0.996327 
   0.934972 
   0.937015 
    0.77667 
   0.973873 
   0.801722 
   0.947453 
   0.964006 
   0.957291 
   0.987096 
   0.973993 
    0.93068 
   0.956836 
    0.92872 
   0.907017 
   0.935112 
   0.970614 
    0.88457 
   0.978602 
   0.673959 
   0.851555 
   0.884927 
   0.971805 
   0.953264 
   0.980067 
   0.971514 
   0.929036 
   0.949061 
   0.885355 
   0.917907 
   0.795302 
    0.95422 
   0.951767 
   0.947342 
   0.974997 
    0.96096 
   0.898912 
   0.957897 
   0.950677 
   0.963415 
   0.963891 
   0.920677 
   0.931225 
   0.975747 
   0.875445 
    0.95746 
   0.814074 
   0.984718 
   0.947164 
   0.965595 
   0.907889 
   0.934231 
   0.777207 
   0.975866 
   0.882064 
    0.87545 
   0.829834 
   0.975507 
   0.999078 
   0.925148 
    0.93224 
   0.977462 
   0.953126 
   0.977904 
   0.969719 
   0.973383 
   0.977628 
   0.812802 
   0.954457 
    0.95744 
   0.916262 
   0.987214 
   0.986073 
   0.881998 
   0.986573 
   0.974404 
   0.785296 
   0.959488 
   0.962529 
   0.949772 
   0.905956 
   0.945774 
   0.954602 
   0.997999 
   0.849519 
   0.899007 
   0.974705 
   0.883853 
   0.987129 
   0.957117 
   0.996581 
   0.970569 
   0.972475 
   0.899449 
   0.895592 
   0.904806 
    0.85991 
   0.949086 
   0.983334 
   0.642581 
   0.638483 
   0.971184 
    0.92625 
   0.756804 
   0.931216 
   0.947762 
   0.945952 
   0.955591 
   0.924217 
   0.935799 
   0.884547 
   0.952909 
   0.936998 
   0.953202 
   0.924263 
   0.970428 
   0.982142 
   0.922071 
   0.964879 
   0.923224 
   0.953458 
   0.952095 
   0.962963 
   0.930344 
   0.884668 
   0.952271 
   0.921108 
   0.985496 
   0.912863 
   0.958488 
   0.967414 
   0.938577 
   0.722603 
   0.963275 
   0.999009 
   0.962472 
   0.961214 
   0.943385 
   0.921822 
   0.987597 
   0.977382 
   0.938031 
   0.970828 
   0.951249 
   0.916563 
   0.915038 
   0.917323 
   0.967738 
   0.961029 
   0.943255 
   0.948154 
   0.847841 
   0.964244 
   0.950964 
   0.939119 
   0.956825 
   0.949517 
    0.80792 
   0.964347 
   0.940261 
   0.925857 
   0.940552 
   0.969559 
   0.824285 
   0.883125 
   0.890257 
   0.734645 
    0.80307 
    0.96731 
   0.819598 
   0.975584 
   0.939982 
   0.926636 
   0.813483 
   0.885925 
   0.921876 
   0.980731 
   0.910847 
