0.9872855120605755 
0.9802083508748165 
0.6771781396712705 
0.9162627531252472 
0.9488449434000457 
0.9529263961048742 
0.9676696208861649 
0.8956385481987095 
0.9825340962553418 
0.9864278284920098 
0.8887374743053792 
0.9611818687519249 
0.9219782718628545 
0.9634676644259237 
0.9850599287246105 
0.9695985955541259 
0.9794474739202971 
0.9637237807959228 
0.8689170652131758 
0.7134358867417419 
0.9898506296908299 
0.9596175528308757 
0.9628133481492419 
0.9823788000772313 
0.9617752729305873 
0.9766329985286842 
0.8448998137927181 
0.8113137649728323 
0.9415357735616688 
0.969681972856611 
0.9836237397201774 
0.9379734768411417 
0.9735288704520834 
0.8680185528904406 
0.9329365229704194 
0.9603870957219394 
0.7794354487727794 
0.9569829744358701 
0.7408519221358743 
0.9465043896531833 
0.9021163940502154 
0.9253915526498084 
0.9319540726428484 
0.968473413760873 
0.9537951761793381 
0.9067698173690024 
0.9760935409585016 
0.9120992700863141 
0.9512974737722516 
0.9352656512575295 
0.956664534077981 
0.9753132039379591 
0.9815439843808973 
0.9342281689453175 
0.944239703062002 
0.950241913667683 
0.9776375644146549 
0.932360235735865 
0.9483753260782747 
0.9145402961459346 
0.9205295416320249 
0.9156233702304684 
0.9293710105854451 
0.9813857268725732 
0.9230172272491756 
0.9666071234545861 
0.9425016311278553 
0.8822605057190384 
0.9312157378497955 
0.8563764642230268 
0.8770442352705623 
0.6432753552148921 
0.9670134803373889 
0.9355962944717028 
0.9194525876675693 
0.9754444613354816 
0.9478797169204539 
0.9691363818469415 
0.9845058409844355 
0.96435019570221 
0.920834346920478 
0.9818990812524951 
0.9761273042200439 
0.9782408651737085 
0.9674317281325016 
0.9763597120498223 
0.8760589912223871 
0.9556194931517279 
0.9646112822377083 
0.991335848289449 
0.9741154292620967 
0.9538316458072903 
0.9119529908143882 
0.9881514589040359 
0.9770462771250411 
0.9251215140221957 
0.9511521046530733 
0.8912309612756639 
0.9429052547233517 
0.9778721577172541 
0.9638187972065795 
0.9695846805306632 
0.9868934799058733 
0.9074778164483288 
0.9746026625522939 
0.9040619444125506 
0.9288552784523855 
0.9668485638910418 
0.8373367544271765 
0.9503306517464033 
0.9748524242196677 
0.9706722277611036 
0.783695960610873 
0.7639700467813493 
0.8273351474055762 
0.9836698484753814 
0.9786659566966137 
0.8161998501993143 
0.8440796140664489 
0.97747775358665 
0.6692766850725775 
0.9573607136691988 
0.969039584720207 
0.9642268609773835 
0.9702803777039238 
0.9624232462725011 
0.9752392825411423 
0.7312407992968103 
0.8665125874296166 
0.9737639064586102 
0.9486897261839381 
0.9565015848818413 
0.944423773549678 
0.7499325604420743 
0.9176775035415463 
0.9500786074814241 
0.9472216550468653 
0.9735456556256296 
0.7957447328086249 
0.7324177977685398 
0.978683599623564 
0.9812834356503564 
0.9702864524220572 
0.9521901293505033 
0.8870885107489399 
0.9505234083679162 
0.9697821660877061 
0.9877768982144115 
0.9610076771564624 
0.9829455700795448 
0.9689441428930177 
0.9601823014359718 
0.9504078542347544 
0.9016790182955934 
0.8849725611167509 
0.979629485557841 
0.9728620606526857 
0.9513016338908954 
0.9730516735619552 
0.9146107014503624 
0.7794641802101635 
0.936276052481892 
0.8749859555077382 
0.9706883367236069 
0.9353433927611741 
0.958309467502162 
0.9663910789982432 
0.9774312009211149 
0.9763465409990331 
0.9509543773862846 
0.9443327983686759 
0.8984509491707429 
0.9561123015134758 
0.9434717574348734 
0.8323559516200177 
0.9399854364039635 
0.9078510966172382 
0.9610011997031921 
0.9633197608516324 
0.9879358514618416 
0.9857646378800654 
0.9748111515329483 
0.9746876492901332 
0.9929292565306812 
0.9734378617062994 
0.9341402980167378 
0.9542467780240917 
0.9246479548938824 
0.9820084963825744 
0.9391166603363889 
0.9538789649763125 
0.9289756534735585 
0.8784026604659995 
0.9417280732658054 
0.9722368903987604 
0.8881879648136611 
0.9697939614951862 
0.930211580381068 
0.9649697091168856 
0.9613115060488167 
0.9243169436702888 
0.8844444221069332 
0.965395992424114 
0.9782656096676419 
0.9353509997834217 
0.9693884235894012 
0.8765799199071352 
0.9362113199671156 
0.9244923137790533 
0.9858484186148787 
0.9753814385488392 
0.8420723066757568 
0.9870834194059114 
0.9303777639193577 
0.9047196060667073 
0.9731496868138048 
0.9890546853280523 
0.9406472922682034 
0.9739335432642511 
0.9362988219709427 
0.9639835476486008 
0.9176271948171665 
0.941242384371966 
0.9581135255224349 
0.9594697635450988 
0.8826738764816602 
0.9104405121473342 
0.9827856996757817 
0.8202150882594652 
0.9280857022370428 
0.8849038985983502 
0.9208612198277497 
0.9824675266774903 
0.929650935661954 
0.863009255065552 
0.981626470221573 
0.7129199659534926 
0.9206759077021761 
0.8035266554736202 
0.9905097770519673 
0.9198173884512127 
0.9849957676784883 
0.9284751412738425 
0.9552910130495186 
0.6947734233790347 
0.7211462322350798 
0.9262452236004094 
0.7873222952633475 
0.9279024315313741 
0.8303909895785169 
0.9377412325495977 
0.9786134320737893 
0.9558088283461449 
0.9423743605748853 
0.9903042383591346 
0.9887608553259013 
0.8933793109175785 
0.9863263579475054 
0.9659833569868619 
0.9564220202064432 
0.9769952289755793 
0.9689705070141555 
0.9879768561267033 
0.9750815262322143 
0.9398987164013423 
0.9663762187098691 
0.9830908167533783 
0.9003587499564464 
0.9130672287631677 
0.8994154198432233 
0.6460499717093379 
0.9721171894010373 
0.9612223042327797 
0.972566742425981 
0.9626810696141214 
0.9330450684149841 
0.9126134112979065 
0.9678429546083003 
0.8144410263227737 
0.8943738266661614 
0.9270488975858667 
0.8724360905236148 
0.9809035647364645 
0.9845005278198377 
0.9565684922106635 
0.9638844458684274 
0.9330176928204783 
0.930474172923197 
0.980090066707859 
0.9820377205075677 
0.9119694471821376 
0.8667782955362747 
0.9646912646070456 
0.8003387223998432 
0.9834578289931744 
0.7720674327359535 
0.9050187082317308 
0.8641293345586071 
0.98392350033863 
0.95661083318725 
0.9830613620625737 
0.9364895256795828 
0.9680872115129175 
0.9594766618590223 
0.9696607963501939 
0.9856902394644786 
0.9808160388754149 
0.9313781933115817 
0.9345646027919702 
0.8849921293582789 
0.9641309024124496 
0.9761472708280449 
0.9352736577666934 
0.8821016556799406 
0.8953403592989254 
0.9101748498250132 
0.9445698573813339 
0.8465145267237004 
0.9877954092219347 
0.963402689942961 
0.9880517851916045 
0.9538905099070709 
0.9738388120597672 
0.9800393994501054 
0.9699837052073754 
0.9586545965871908 
0.8496516825958561 
0.9435019380283832 
0.9617621668013098 
0.9489969509100721 
0.9888685280837896 
0.9894077068993838 
0.9720347373902285 
0.9771055846731909 
0.9380247400371313 
0.9314335357535596 
0.8871502500167766 
0.7214366898466501 
0.8855024437950844 
0.9757533716793854 
0.9794955807565153 
0.8917006045046839 
0.9072853231185866 
0.9948200177795247 
0.9777036619883567 
0.9575047729140789 
0.9044152959510166 
0.9753810113991391 
0.966567632864335 
0.9376902553510178 
0.9224817107571862 
0.8801928819787148 
0.9810358065303887 
0.9832503930826245 
0.9785344582551223 
0.9507921199524514 
0.9410905992085496 
0.8722412505389849 
0.9797469654960527 
0.9835088389540144 
0.7404616950439028 
0.7944723971253504 
0.950613304671251 
0.9235385467585409 
0.9152946710766577 
0.9600244955097 
0.9741535371708957 
0.9786731025597576 
0.9593915988752347 
0.9793793300348353 
0.9284041554558332 
0.9452272901076169 
0.9566712314249264 
0.8581613053633625 
0.9285519628434651 
0.9636082065647464 
0.9222865541464922 
0.9599689272113916 
0.9262330974426266 
0.9680066338773562 
0.9414117123896094 
0.9496228145882742 
0.9359543302705309 
0.9585556672447415 
0.9661883936857049 
0.9827406542859518 
0.911759544650652 
0.9799128299937442 
0.978298402312664 
0.9458590302731529 
0.9369687155091975 
0.9864676605672259 
0.9191077533454851 
0.8171265318643018 
0.9892398936899368 
0.8994319621463343 
0.9787277419685211 
0.9559691817733668 
0.944756110697383 
0.9854062765822197 
0.9006126783428315 
0.9689895560753587 
0.8031687982388918 
0.9820816457176974 
0.9701077718576073 
0.9630868026494953 
0.8415348997194021 
0.9584085796238543 
0.9885252236193102 
0.9618603697487572 
0.9716620213361028 
0.9575754962710368 
0.9803364430548256 
0.9614018237472999 
0.9861107131950808 
0.9296811714378619 
0.9082172777941353 
0.9672252069019555 
0.9652798131639312 
0.9648895186564955 
0.9726829362967935 
0.9864196830141554 
0.6892811315048692 
0.9584167150152247 
0.9578139950435447 
0.825192351574881 
0.9371485163774178 
0.9199620034709048 
0.9877589413845528 
0.9119132465543883 
0.879278390947201 
0.9762616962237469 
0.9710139575869459 
0.9570860730692751 
0.9725315382904552 
0.972156003717261 
0.9486403840628134 
0.9514685606024571 
0.9817855217747239 
0.9778028917311337 
0.9222889453101834 
0.895402443707162 
0.9361938092788576 
0.9822957691043148 
0.9564272515387745 
0.9554003499299356 
0.95558609616772 
0.9051876484386087 
0.9732015104929422 
0.9582690374380799 
0.976560742728111 
0.9487343654956973 
0.9710625541088671 
0.9852619574111047 
0.9635255721635987 
0.9653926980579827 
0.842335025684162 
0.9813253741097395 
0.9886008601728055 
0.9951149818148184 
0.9845263055987222 
0.9019137151397243 
0.9178944846757717 
0.9804394193334963 
0.9844839226368794 
0.9844333442111807 
0.9453935616943165 
0.7316842094429827 
0.892506362453748 
0.9764829307884626 
0.957118701434038 
0.9652698232575952 
0.9672549770635135 
0.9231085392903684 
0.9398283877811866 
0.9354410734237807 
0.9762483069329677 
0.9513630525067333 
0.9895969747260835 
0.9681021595082574 
0.9704295953209651 
0.9803102535877944 
0.9844895308843463 
0.9837211311721448 
0.9232415579098866 
0.938580014321951 
0.9827744066724036 
0.9878414006524152 
0.9765705144630773 
0.7404129603065132 
0.9607164615417165 
0.8419091062442815 
0.9693847978700412 
0.9822536564822008 
0.9502963682871642 
0.9931101819875107 
0.9788597957184777 
0.8987038724243576 
0.9732981863751036 
0.9357875136224287 
0.9318954313181004 
0.9732443267832198 
0.7928548564289098 
0.8800768673397598 
0.7345024845581675 
0.790417546771978 
0.9695994291106234 
0.9442557419145209 
0.9867221375076343 
0.9736181501029832 
0.9778879720526719 
0.8436406999030654 
0.9615573522125695 
0.9769004223529022 
0.9366413139184194 
0.962452325134266 
0.9571375780483056 
0.895017685177172 
0.9386347160297912 
0.9658701677960039 
0.7837731154265153 
0.857325426164591 
0.7875824112838592 
0.9539232065387823 
0.9676291998434546 
0.9575933535933584 
0.9769642674367438 
0.8950372965380871 
0.9733135445554753 
0.9865742700376251 
0.7675024964074615 
0.9718151632000493 
0.9587522676323587 
0.8807175700281676 
0.984650116073198 
0.9345513953906084 
0.9721241931104777 
0.9428576892390256 
0.93055888357005 
0.9432467030421858 
0.9731427753512739 
0.9271476527265249 
0.9754712338669539 
0.9887329573469542 
0.9573585372365228 
0.95610438922708 
0.844216155820044 
0.7619911640925209 
0.9408638031615748 
0.961421895033543 
0.9756716296927236 
0.9383417157398904 
0.9657457910299937 
0.9282997315493811 
0.9401179936978006 
0.9137963317393594 
0.9191668498393609 
0.9501612725868888 
0.8140273371265736 
0.9437424198931745 
0.9814083559677075 
0.9603208578997651 
0.949153547504147 
0.9595571673430727 
0.9241183703710389 
0.8730862023373424 
0.9704993416255284 
0.9128857638560223 
0.9711610523746524 
0.9255014651242006 
0.9760551478810349 
0.9612196160600252 
0.9718924307238029 
0.973617216006006 
0.9067842860274213 
0.9851685286878862 
0.9883623867753156 
0.7625485886840805 
0.9741520250193627 
0.9711567019740392 
0.976394708468277 
0.8690389990465933 
0.6694011292929625 
0.966983239294848 
0.8091037972672696 
0.9246173875396755 
0.9851182693778214 
0.8699275607208068 
0.9911939864035828 
0.9404838987074964 
0.8816946785775923 
0.9783093101836821 
0.872274036013287 
0.9099010628459859 
0.9580800342182497 
0.8833211147843733 
0.9784483823399108 
0.9650280905585751 
0.9608640749100519 
0.7119499642610015 
0.9837230363727455 
0.9630303026587764 
0.962310071004061 
0.9063720194998086 
0.7876438854777119 
0.8970152782040709 
0.8971790733867153 
0.9425866098373415 
0.8700628428191092 
0.9490186854058562 
0.9335606344390048 
0.9166985713996496 
0.9173599198024106 
0.941404155684841 
0.9871754340621979 
0.9843226780730198 
0.9563276593815263 
0.9861155594368323 
0.9733623112309788 
0.9799649492667089 
0.9895497335711537 
0.7626193111459333 
0.9859434141483973 
0.9832289844781296 
0.9144378650946425 
0.9198715883588648 
0.9537267083282092 
0.9256330150929128 
0.9829601552364163 
0.9683660199876293 
0.9906345426878432 
0.9589633918162099 
0.9713147841403014 
0.8374396956049822 
0.971071202522632 
0.9331835529712664 
0.978312548121243 
0.7856558878849982 
0.9510257954176775 
0.7322166712529211 
0.8664856797074426 
0.9314187828735756 
0.9903631941122932 
0.9723283010188807 
0.7985881890876694 
0.8682096048443063 
0.9716632529818171 
0.9861210049131266 
0.9609775175505968 
0.9707188696036536 
0.9739052239023512 
0.9468773989385251 
0.9671440345403796 
0.9756923477654852 
0.9705285073546485 
0.936597876546733 
0.9126177549852491 
0.9668372366357133 
0.9352416834680743 
0.862161832353998 
0.9718644797674205 
0.8581650898613505 
0.9658926507540363 
0.8712139480664238 
0.9201811987602989 
0.8914996904042525 
0.8378234753782711 
0.9825310343836541 
0.9702068872319269 
0.9887909751226287 
0.9401292709909478 
0.9836509578069531 
0.9792488687268057 
0.9788549487597341 
0.7467569846723948 
0.9466012433389759 
0.9633930617016168 
0.975206748777517 
0.9833381380259805 
0.9724939124893043 
0.9406741498960827 
0.9686230305586179 
0.9435876703067622 
0.959515645062546 
0.9530536627038735 
0.9833707689597123 
0.9681487431624788 
0.9752355559218863 
0.8775756686454453 
0.8921876999266497 
0.9782553983492774 
0.930951861739753 
0.9408462651081078 
0.7552433793195421 
0.9176536217034216 
0.8712756695296642 
0.971588679282839 
0.9681897379257924 
0.9530791092085663 
0.9156787181759358 
0.8396588623646251 
0.9683449315058804 
0.9690210557957191 
0.9804753865078658 
0.8254513082301664 
0.9641827225252958 
0.9360094837552443 
0.9761718742924532 
0.9430996014434345 
0.9724872545113096 
0.9289825603465959 
0.969239155706085 
0.923800366334894 
0.9159321721242994 
0.9090012712019732 
0.9845505734789461 
0.8959701062316691 
0.8278503366572733 
0.9900445064322564 
0.8820338890292502 
0.9497428915965157 
0.847213925045213 
0.7916020379430861 
0.9493015769182136 
0.9325671498608389 
0.9615879131696365 
0.9922279735955682 
0.9735195329795112 
0.9885976783869869 
0.9635359865763373 
0.9609352303459884 
0.8788714683483584 
0.9200380611227781 
0.9796290456620076 
0.9606988431464153 
0.9753842359755444 
0.8701332236030087 
0.9895230465701615 
0.9743478174348077 
0.9654447577389128 
0.9533329758180995 
0.927841063944167 
0.9900886039356941 
0.93377475027987 
0.7283193052472213 
0.9538471461509228 
0.9667519589112294 
0.9315543962378561 
0.9892326075028517 
0.9403109895923568 
0.9692337753392626 
0.9764247282694425 
0.8824079698280793 
0.84167091288423 
0.8702382869560732 
0.8868067774317037 
0.9763886824846566 
0.9786622571659465 
0.9830080560559112 
0.9827751196591713 
0.9452069160812672 
0.9496312189237456 
0.9632330712935065 
0.9257240406612008 
0.9455111126709498 
0.9070769517304142 
0.9905511686787518 
0.9363104007063744 
0.9797981203565151 
0.9394053025256605 
0.7459589629193293 
0.9782912078923791 
0.940516181670153 
0.9585921154808946 
0.9771322429925906 
0.8795678568207455 
0.9917785958170336 
0.7227773214344698 
0.9677286409813938 
0.9503411897216122 
0.916403589066784 
0.9533581390183992 
0.9821686321011064 
0.8735360377072865 
0.9651131875934815 
0.8524674468702058 
0.8603475254265539 
0.8574735868067048 
0.6983344925889055 
0.969114962982886 
0.9711885247961551 
0.9354857535221224 
0.9833821256301148 
0.9774792061815575 
0.9786862376361241 
0.9804551088498948 
0.8745152527213149 
0.9710667141035435 
0.9697911465867937 
0.9009691290550836 
0.9827406161784975 
0.858757405962368 
0.9730402024253216 
0.9729722074878253 
0.9544997261397208 
0.9890309176259077 
0.9590577513720949 
0.7687503851223219 
0.8938047062262677 
0.9088214459705706 
0.9181113206958993 
0.9558922715252753 
0.9391001905603594 
0.9307141062736062 
0.7859390504565247 
0.9537591520289556 
0.9656567441590163 
0.9406227378718055 
0.8920287144855742 
0.8850776609216631 
0.9689586349182883 
0.9442930441231226 
0.9819159366912387 
0.9333155417225988 
0.9380918288820372 
0.7766585823721119 
0.9745302649880057 
0.8076007331309933 
0.9607730585019328 
0.9695368846127452 
0.9672106259863991 
0.9867565727321675 
0.980579379573348 
0.9478170965106683 
0.9494968986146233 
0.9358855977232979 
0.935426624841306 
0.921397326358479 
0.9722052518267084 
0.9734980781710623 
0.9830520848614639 
0.6730800184914997 
0.8571010093975133 
0.8826013672067741 
0.9661123804273837 
0.9494256617977126 
0.9807624847428718 
0.9679230120446006 
0.9269430793743838 
0.9497494265020494 
0.8880601061288894 
0.917392808019628 
0.7998388119097251 
0.9561980042422145 
0.9517622405448193 
0.954305538564163 
0.9782383060958243 
0.9588571874546563 
0.898103644654974 
0.9582696572053683 
0.9532492091075327 
0.9800112237795561 
0.95898693878878 
0.9203528345266448 
0.93762687813374 
0.9762833901663093 
0.8797622141705739 
0.956182422319773 
0.9617330512254336 
0.9875219352598915 
0.9770922517796525 
0.9674780773743268 
0.8804737764759247 
0.9602127497576107 
0.8483052262644264 
0.9767223757796449 
0.9780511852661337 
0.9401028401214824 
0.8188813447732674 
0.9763015101093024 
0.9698896949477376 
0.9217862400201225 
0.9096585367456314 
0.9817730609906163 
0.94795616904926 
0.9880787758358316 
0.9677494185516491 
0.9693979915285851 
0.9848425554811664 
0.8186886747029742 
0.9598597228205223 
0.9743734842880055 
0.9132226870120301 
0.9884986877988361 
0.9853243640992533 
0.8839143956348723 
0.9720326300243695 
0.9719387148134393 
0.8064731073603635 
0.9615096090804548 
0.957760353783149 
0.9533300766214677 
0.8910006923155944 
0.9495460170153714 
0.970987244987213 
0.9776641158987549 
0.8456392089729077 
0.8959077501961598 
0.9683343818096054 
0.8873873972456293 
0.9857151506091855 
0.9644456514158284 
0.9639000881869749 
0.9712129679656119 
0.9715975005332542 
0.8989743969086048 
0.8955177048577928 
0.9040216040738595 
0.8844309093160135 
0.9512746962513103 
0.9751699906175246 
0.6286955862982827 
0.6353614318175592 
0.9724312122017847 
0.9197555133691412 
0.7440866473362797 
0.9358177733541352 
0.9882413732124341 
0.9489057237780525 
0.9566305128442001 
0.9284534049930772 
0.9317391999255504 
0.8853092943001327 
0.9546428299221035 
0.9582566429802261 
0.9524766514160414 
0.9246609702699582 
0.9738641379562519 
0.9817375949698078 
0.9685575037793271 
0.9719162814953416 
0.9699583643541713 
0.971542331163138 
0.9492612155731849 
0.9620912667750917 
0.9317576133478563 
0.8690522253415082 
0.9445618705574651 
0.9412393375245816 
0.9802923884698803 
0.9132366617536885 
0.9579809018757005 
0.9687592450323753 
0.9797402647028792 
0.7401055013961803 
0.9691237941905083 
0.9622664328330128 
0.9546222536957486 
0.9739834487377651 
0.9558935989414561 
0.918284427538997 
0.9663888099910367 
0.9669284540816931 
0.9330682185788349 
0.9909091367124017 
0.9636098522225724 
0.9296182155161881 
0.9122653982997729 
0.9157775983659353 
0.9661309084944962 
0.9596643182977881 
0.9432646820061409 
0.9501954993019022 
0.8480048757756243 
0.97291536971852 
0.948778396018473 
0.9422825279626476 
0.9589548554484743 
0.959759165613206 
0.8090677611718391 
0.9770776621876438 
0.9654932330154663 
0.932796635710627 
0.9365844045482953 
0.9694205551511001 
0.9373309479807318 
0.8947787245205953 
0.9558376055084864 
0.7381610277616307 
0.8173093200413634 
0.9705542130388313 
0.8201916428995406 
0.983168151655619 
0.9500896771520981 
0.9548214571154788 
0.8151079583292441 
0.8808243761575238 
0.9244889102497316 
0.9696978560634204 
0.9162565094715236 