0.987286 
   0.980208 
   0.682886 
   0.917275 
   0.948845 
   0.952926 
    0.96767 
   0.895639 
   0.982534 
   0.986428 
   0.888737 
   0.961182 
   0.923527 
   0.963468 
    0.98506 
   0.969599 
   0.979447 
   0.963769 
   0.868917 
   0.755985 
   0.989851 
    0.96011 
   0.962813 
   0.982379 
   0.966668 
   0.976633 
   0.848909 
   0.811314 
   0.945973 
   0.969682 
   0.983624 
   0.937973 
   0.973529 
   0.868208 
   0.932937 
   0.960387 
   0.781804 
   0.956983 
   0.743397 
   0.946504 
   0.902364 
   0.925392 
   0.946496 
   0.968473 
   0.957237 
    0.90677 
   0.976094 
   0.912099 
   0.951297 
   0.937222 
   0.956665 
   0.975313 
   0.981544 
   0.934228 
    0.94424 
   0.950309 
   0.977638 
   0.932388 
   0.949566 
   0.916005 
    0.92053 
   0.915687 
   0.929371 
   0.981386 
   0.923382 
   0.966607 
   0.942502 
    0.88328 
   0.931216 
   0.856376 
   0.880068 
   0.656198 
   0.967013 
   0.935596 
   0.919453 
   0.975444 
   0.948387 
   0.969136 
   0.984506 
   0.964387 
   0.921549 
   0.981899 
   0.976127 
   0.978241 
    0.97081 
    0.97636 
   0.878629 
   0.955619 
   0.964611 
   0.991336 
   0.974115 
   0.953984 
   0.911953 
   0.988151 
   0.977046 
   0.926635 
   0.951152 
   0.893589 
   0.942905 
   0.977872 
   0.963819 
   0.971584 
   0.986893 
   0.907575 
   0.974603 
   0.905727 
   0.928855 
   0.966849 
   0.837337 
   0.950331 
   0.974852 
   0.970672 
   0.818204 
   0.780798 
   0.827335 
    0.98367 
   0.978666 
   0.818782 
   0.847448 
   0.977478 
   0.669457 
   0.957361 
    0.96904 
    0.96614 
    0.97028 
   0.963351 
   0.975239 
   0.731757 
    0.87157 
   0.973764 
   0.949157 
   0.956502 
   0.944424 
   0.749933 
   0.917918 
   0.950079 
   0.948599 
   0.973546 
   0.795936 
   0.732418 
   0.979028 
   0.981283 
   0.970286 
   0.950502 
   0.887089 
   0.950523 
   0.969782 
   0.987777 
   0.961008 
   0.982946 
   0.968944 
   0.960182 
   0.950408 
   0.910354 
   0.884973 
   0.979629 
   0.972862 
   0.951302 
   0.973052 
   0.914724 
   0.780161 
   0.936276 
   0.874986 
   0.970688 
   0.935343 
   0.960663 
   0.966391 
   0.977431 
   0.976347 
   0.950954 
   0.944333 
   0.898476 
   0.956112 
   0.945746 
   0.832356 
   0.939985 
   0.907851 
   0.964746 
    0.96332 
   0.987936 
   0.985765 
   0.974811 
   0.974688 
   0.992929 
   0.973455 
    0.93414 
   0.954247 
   0.925424 
   0.982008 
   0.939117 
    0.95391 
   0.928976 
   0.878403 
   0.941728 
   0.972237 
   0.888188 
   0.969794 
   0.930212 
    0.96527 
   0.961312 
   0.928135 
   0.886164 
   0.965396 
   0.978266 
   0.935351 
   0.969388 
    0.87658 
   0.936211 
   0.924528 
   0.985848 
   0.975381 
   0.842072 
   0.987083 
   0.930378 
   0.905663 
    0.97315 
   0.989055 
   0.940647 
   0.975478 
   0.936299 
   0.963984 
   0.917859 
   0.941242 
   0.960631 
    0.95947 
   0.883164 
   0.911217 
   0.982786 
   0.820322 
   0.928086 
   0.884904 
   0.921731 
   0.982749 
   0.929651 
   0.863009 
   0.981626 
   0.714331 
   0.921553 
   0.805373 
    0.99051 
   0.920177 
   0.984996 
   0.928475 
   0.955291 
   0.694773 
   0.736149 
   0.926245 
   0.788456 
   0.934048 
   0.831056 
   0.937741 
   0.978613 
   0.955809 
   0.949416 
   0.990304 
   0.988761 
   0.906009 
   0.986326 
   0.965983 
   0.958881 
   0.976995 
   0.968971 
   0.987977 
   0.975744 
   0.946356 
   0.967523 
   0.983091 
    0.90195 
   0.913067 
   0.899704 
   0.649785 
   0.972117 
   0.961222 
   0.972567 
   0.962681 
   0.933045 
   0.912851 
   0.967843 
   0.814441 
   0.894374 
   0.927118 
   0.872436 
   0.980904 
   0.984501 
   0.956568 
   0.965227 
   0.933018 
   0.930474 
    0.98009 
   0.982038 
   0.911969 
   0.866806 
   0.964691 
   0.800524 
   0.983458 
   0.772067 
   0.908175 
   0.864129 
   0.983924 
   0.957063 
   0.983061 
    0.93649 
   0.969113 
   0.959477 
   0.970823 
    0.98569 
   0.980816 
   0.931378 
   0.934565 
   0.886374 
   0.964131 
   0.976147 
   0.935783 
   0.882102 
    0.89534 
   0.910548 
   0.945524 
   0.846515 
   0.987795 
   0.963403 
   0.988052 
   0.953891 
   0.973839 
   0.980039 
   0.969984 
   0.958655 
   0.858178 
   0.943502 
   0.961762 
   0.950427 
   0.988869 
   0.989408 
   0.972035 
   0.977106 
   0.938025 
   0.931434 
   0.894516 
    0.72212 
   0.886094 
   0.975753 
   0.979496 
    0.89206 
   0.907285 
    0.99482 
   0.977704 
   0.959036 
   0.904415 
   0.975381 
   0.966568 
    0.93769 
   0.922897 
   0.880193 
   0.981036 
    0.98325 
   0.978534 
   0.952289 
   0.941091 
   0.872241 
   0.979747 
   0.983509 
   0.740462 
   0.794472 
   0.951862 
   0.923706 
   0.915401 
   0.960319 
   0.974154 
   0.978673 
   0.959392 
   0.979379 
   0.941272 
   0.945227 
   0.956671 
   0.859495 
   0.928552 
   0.964089 
   0.922287 
   0.959969 
   0.926233 
   0.968007 
   0.941904 
   0.949881 
   0.937877 
    0.96282 
   0.967788 
   0.982741 
    0.91176 
   0.979913 
   0.978298 
   0.945859 
   0.936969 
   0.986468 
   0.923126 
   0.824766 
    0.98924 
   0.899978 
   0.978728 
   0.955969 
   0.944756 
   0.985406 
   0.900613 
    0.96899 
   0.812548 
   0.982082 
   0.970108 
   0.963087 
    0.84541 
   0.958409 
   0.988525 
    0.96186 
   0.971662 
   0.957575 
   0.980336 
   0.961402 
   0.986111 
   0.929681 
   0.908217 
   0.967225 
    0.96528 
   0.965998 
   0.972683 
    0.98642 
   0.694923 
   0.958417 
   0.957814 
   0.831122 
   0.937149 
   0.919962 
   0.987759 
   0.912185 
   0.879278 
   0.976262 
   0.972064 
   0.957086 
   0.972532 
   0.972156 
    0.94864 
   0.953304 
   0.983283 
   0.977803 
   0.926995 
   0.905171 
   0.936194 
   0.982296 
   0.956427 
     0.9554 
   0.955624 
   0.905188 
   0.973202 
   0.958515 
   0.976561 
   0.950137 
   0.971063 
   0.985262 
   0.963986 
   0.965393 
   0.842335 
   0.981325 
   0.988601 
   0.995115 
   0.984526 
   0.901914 
   0.920555 
   0.980439 
   0.984484 
   0.984433 
   0.950164 
   0.734216 
   0.896785 
   0.976483 
   0.958315 
   0.967553 
   0.967255 
   0.923109 
   0.939828 
   0.937293 
   0.976248 
   0.951701 
   0.989597 
   0.968965 
   0.970816 
    0.98031 
    0.98449 
   0.984491 
   0.926548 
   0.940052 
   0.982774 
   0.987841 
   0.976571 
   0.740851 
   0.960716 
   0.841909 
   0.969385 
   0.982254 
   0.950296 
    0.99311 
    0.97886 
   0.898704 
   0.973298 
   0.948619 
   0.931895 
   0.973244 
   0.793306 
   0.880539 
   0.735597 
   0.790418 
   0.969599 
    0.94513 
   0.986722 
   0.973618 
   0.977888 
   0.844076 
   0.961557 
     0.9769 
   0.936641 
   0.962452 
   0.957138 
   0.895074 
   0.938635 
    0.96587 
   0.784247 
   0.858123 
   0.787582 
   0.953923 
   0.967629 
   0.957941 
   0.976964 
   0.895037 
   0.973314 
   0.986574 
   0.768946 
   0.978461 
   0.959126 
   0.880718 
    0.98465 
   0.935559 
   0.972124 
    0.94598 
   0.930559 
   0.943247 
   0.973143 
   0.927148 
   0.975471 
   0.989259 
   0.957359 
   0.956104 
   0.846711 
   0.762936 
   0.940864 
   0.961422 
   0.975957 
   0.938342 
   0.966835 
   0.929622 
   0.941179 
   0.913796 
   0.919167 
   0.950161 
   0.814117 
   0.943915 
   0.981408 
   0.960321 
   0.949477 
   0.959557 
   0.924118 
   0.873086 
   0.970499 
   0.912886 
   0.971161 
   0.925501 
   0.976055 
    0.96122 
   0.971892 
   0.973617 
   0.906784 
   0.985169 
   0.988362 
   0.762827 
   0.974152 
   0.971951 
   0.976395 
   0.869039 
   0.669401 
   0.967419 
   0.809104 
   0.924617 
   0.985118 
   0.869928 
   0.991194 
   0.940484 
   0.882374 
   0.978309 
   0.873132 
   0.910707 
   0.958173 
   0.883321 
   0.978448 
   0.965028 
   0.960864 
    0.71195 
   0.983723 
    0.96303 
    0.96231 
   0.906372 
    0.78907 
   0.898434 
   0.899406 
   0.942587 
   0.870821 
   0.949019 
   0.933561 
    0.91699 
   0.917408 
   0.941404 
   0.987175 
   0.985009 
   0.956328 
   0.986116 
   0.973362 
   0.980593 
    0.98955 
   0.763193 
   0.985943 
   0.983229 
   0.915451 
   0.919872 
   0.953727 
   0.930908 
    0.98296 
   0.968366 
   0.990635 
   0.958963 
   0.971898 
   0.848074 
   0.971071 
    0.93721 
   0.978313 
   0.785656 
   0.951026 
   0.733775 
   0.868161 
   0.933424 
   0.990363 
   0.972328 
   0.803989 
   0.870905 
   0.971663 
   0.986121 
   0.960978 
   0.970719 
   0.973905 
   0.947634 
   0.967144 
   0.975692 
   0.970529 
   0.936598 
   0.918625 
   0.966837 
    0.93881 
   0.862162 
   0.971864 
   0.859265 
   0.965893 
   0.877689 
   0.920181 
   0.893281 
   0.837823 
   0.982531 
   0.970207 
   0.988791 
   0.940129 
   0.983651 
    0.98332 
   0.978855 
   0.746757 
   0.946601 
   0.963537 
   0.975207 
   0.983338 
   0.972863 
   0.940674 
   0.968623 
   0.945584 
     0.9666 
   0.953054 
   0.983371 
   0.968149 
   0.975236 
   0.877576 
   0.892862 
   0.978255 
   0.932439 
   0.940846 
   0.755243 
   0.917654 
   0.871378 
   0.971589 
   0.968223 
   0.956179 
   0.915679 
   0.839801 
   0.968345 
   0.969021 
   0.980475 
   0.825451 
   0.964183 
   0.936828 
   0.976172 
   0.947951 
   0.972487 
   0.928983 
   0.969239 
     0.9238 
   0.915932 
   0.909001 
   0.984551 
   0.902058 
   0.829823 
   0.990045 
   0.883661 
   0.949826 
   0.847908 
   0.792707 
   0.949302 
    0.93649 
   0.961588 
   0.992228 
    0.97352 
   0.988598 
   0.963536 
   0.964524 
   0.889142 
   0.921555 
   0.979629 
   0.962199 
   0.975384 
   0.875088 
   0.989523 
   0.974348 
   0.965445 
   0.953333 
   0.927841 
   0.990089 
   0.933775 
    0.72974 
   0.953847 
   0.966838 
   0.934027 
   0.989233 
   0.940311 
   0.969234 
   0.976425 
   0.882408 
   0.841733 
   0.870254 
   0.886807 
   0.976389 
   0.978662 
   0.983008 
   0.982775 
   0.945596 
   0.949931 
   0.963519 
   0.925765 
   0.945511 
   0.912935 
   0.990551 
   0.937405 
   0.979798 
    0.93947 
    0.74764 
   0.979705 
   0.940719 
   0.958592 
   0.977132 
    0.89451 
   0.991779 
   0.722777 
   0.967729 
   0.950341 
   0.916404 
   0.953358 
   0.982169 
   0.874446 
   0.965113 
   0.854853 
   0.860348 
   0.865972 
   0.699257 
   0.970313 
   0.971189 
   0.935486 
   0.983382 
   0.977479 
   0.978686 
   0.980455 
   0.874515 
   0.971067 
   0.971448 
   0.904339 
   0.982741 
   0.862036 
    0.97695 
   0.972972 
     0.9545 
   0.989031 
   0.959058 
    0.76875 
   0.893805 
   0.908821 
   0.919881 
    0.95611 
   0.939405 
   0.943982 
   0.785939 
   0.953759 
   0.965657 
   0.942901 
   0.909873 
   0.885078 
   0.968959 
   0.945864 
   0.981916 
   0.933316 
   0.938092 
   0.778649 
    0.97481 
   0.810493 
    0.96187 
   0.969537 
   0.971262 
   0.986757 
   0.980579 
   0.947927 
   0.951253 
   0.936557 
   0.935862 
   0.924559 
   0.972205 
   0.973498 
   0.983052 
    0.67308 
   0.858197 
   0.885187 
   0.971484 
   0.954031 
   0.980762 
   0.970309 
   0.927028 
   0.949749 
   0.888745 
   0.917639 
   0.799839 
   0.956198 
   0.951762 
   0.954306 
   0.978396 
   0.960111 
   0.899322 
    0.95827 
   0.953249 
   0.980011 
   0.958987 
   0.920353 
   0.937627 
   0.976283 
    0.88163 
   0.958626 
   0.962353 
   0.987522 
   0.977092 
   0.967478 
   0.887692 
   0.960213 
   0.848305 
   0.976722 
   0.978051 
   0.940103 
   0.819199 
   0.976302 
    0.96989 
   0.921786 
   0.909659 
   0.981773 
   0.949648 
   0.988079 
   0.967886 
   0.969398 
   0.984843 
   0.818689 
    0.95986 
   0.974373 
   0.915672 
   0.988499 
   0.985324 
   0.883914 
   0.972033 
   0.971939 
   0.811216 
   0.961813 
    0.95776 
    0.95333 
   0.893642 
   0.949546 
   0.970987 
   0.977664 
    0.85058 
   0.899614 
   0.968334 
   0.887387 
   0.985715 
   0.964446 
     0.9639 
   0.971213 
   0.971598 
   0.903712 
   0.895518 
   0.904022 
    0.88608 
   0.951797 
    0.97517 
   0.634008 
   0.637804 
   0.972431 
   0.920827 
   0.756657 
   0.935818 
   0.988241 
   0.949081 
   0.956631 
   0.928453 
   0.938055 
   0.885309 
   0.957388 
   0.958358 
   0.952661 
   0.924661 
   0.973864 
   0.981738 
   0.968972 
   0.973758 
   0.969958 
   0.971542 
   0.949261 
   0.962091 
   0.931758 
   0.869052 
   0.944832 
   0.941239 
   0.980292 
   0.913237 
   0.957981 
   0.968759 
    0.97974 
   0.740106 
   0.969124 
   0.962266 
   0.954622 
   0.973983 
   0.955894 
   0.922359 
   0.966389 
   0.966928 
   0.933068 
   0.990909 
    0.96361 
   0.929618 
   0.912265 
   0.919322 
   0.967947 
   0.961236 
   0.943265 
   0.950195 
   0.852263 
   0.972915 
   0.949941 
   0.942953 
   0.958955 
   0.959759 
   0.809608 
   0.977078 
   0.965493 
   0.932797 
    0.93761 
   0.969421 
   0.937331 
   0.894779 
   0.955838 
   0.740715 
   0.817768 
   0.970554 
   0.821936 
   0.983168 
    0.95009 
   0.954821 
   0.815108 
   0.884978 
   0.924489 
   0.973918 
   0.916257 
