0.9872855120605755 
0.9802083508748165 
0.6789912997486354 
0.917051433557129 
0.9488449434000457 
0.9529263961048745 
0.9676696208861649 
0.8953249344679434 
0.9825340962553418 
0.9864278284920098 
0.8887378447952331 
0.9611818687519249 
0.9221056676615988 
0.9634676644259237 
0.9850599287246105 
0.969598595554126 
0.9794474739202971 
0.9637241117107622 
0.8689170652131758 
0.706927325961358 
0.9898506296908299 
0.9599247567161949 
0.9628133481492418 
0.9823788000772313 
0.9628137436257583 
0.9766336710683841 
0.8489093143868414 
0.8113137649728323 
0.9442737953921636 
0.969681972856611 
0.9836238335705806 
0.9379735988589942 
0.9735288704520834 
0.8674925407175731 
0.9329365229704194 
0.9603875559304913 
0.7808948109665825 
0.9569829744358701 
0.7430875111621963 
0.9465043896531833 
0.902364885259325 
0.9253915526498084 
0.944054030961092 
0.968473413760873 
0.9548621820933826 
0.9066779580802857 
0.97609308798674 
0.9120992700863141 
0.9512974737722516 
0.9365220756929041 
0.956664534077981 
0.9753132039379591 
0.9815439843808973 
0.9342285454197903 
0.944239703062002 
0.9503090312584463 
0.9776375644146549 
0.9323604317073427 
0.9495646535858644 
0.9134139859559962 
0.9205295416320249 
0.9156866963076795 
0.9293710105854451 
0.9813857268725732 
0.9232376988139903 
0.9666071234545861 
0.9425006437058208 
0.8832795950330814 
0.9312151102950317 
0.8563764642230268 
0.877626662111896 
0.6501276669305306 
0.9670134526322509 
0.9355962944717028 
0.9194526216926588 
0.9754444613354816 
0.9483871463694793 
0.9691363818469415 
0.9845058409844355 
0.9643871659031561 
0.921548692487646 
0.9818990812524951 
0.9761273042200439 
0.9782408651737085 
0.9695927500396827 
0.9763597120498223 
0.8769879282906545 
0.9556194931517279 
0.9646112822377083 
0.991335848289449 
0.9741154292620967 
0.9538307803701317 
0.9119529908143882 
0.9881514589040359 
0.9770462771250411 
0.9248322044443169 
0.9511521046530733 
0.892612501268528 
0.9429052547233517 
0.9778721577172541 
0.9638187972065795 
0.9712586976107129 
0.9868934799058733 
0.9075754702461323 
0.9746023526647546 
0.9046884501644454 
0.9288552784523855 
0.9668496475880284 
0.8368661533714896 
0.9503306517464033 
0.9748524242196677 
0.9706722277611037 
0.7935298425914769 
0.7715450266157476 
0.8273349757862722 
0.9836698484753814 
0.9786659566966137 
0.816118119038571 
0.8455230869725457 
0.97747775358665 
0.6671863111063112 
0.9573607136691988 
0.9685848000573305 
0.9649997128447363 
0.9702803777039238 
0.963322311409813 
0.9752392825411423 
0.7318157687073557 
0.864406432100601 
0.9737639064586102 
0.9488582607446501 
0.9565015848818413 
0.944423773549678 
0.7499325604420743 
0.9179177274300324 
0.9500784171401087 
0.9482878489202019 
0.9735456556256296 
0.7959362409987026 
0.7324177977685398 
0.9790276096289923 
0.9812834356503564 
0.9702864524220572 
0.9521907109235757 
0.8865145309522504 
0.9505231042771004 
0.9697821660877061 
0.9877768982144115 
0.9610083592146346 
0.9829455700795448 
0.9689441428930177 
0.9601823014359718 
0.9504078542347544 
0.9050556954091639 
0.884972213318535 
0.979399060275558 
0.9728620095341426 
0.9513016338908954 
0.9730506265691995 
0.9147244158380373 
0.7793097603048118 
0.9362768140702797 
0.8749859555077382 
0.9706883367236069 
0.9353433927611741 
0.9602275774732233 
0.9663910789982432 
0.9774312009211149 
0.976347459104788 
0.9509543773862846 
0.9443327983686759 
0.8984510244900394 
0.9561123015134758 
0.9456598783459447 
0.8323559516200177 
0.9399856067914976 
0.9078510966172382 
0.9647335997095084 
0.9633194513523696 
0.9879358514618416 
0.9857646378800654 
0.9748111515329483 
0.9746876492901332 
0.9929292565306812 
0.9734550658573918 
0.9341402980167378 
0.9542467780240917 
0.9252778396631115 
0.9820084963825744 
0.9391160504736396 
0.9507974246096957 
0.9288311851077594 
0.8784026604659995 
0.9412973964588951 
0.9722375041079774 
0.8881879648136611 
0.9694196551028763 
0.9302116981146773 
0.9652706804702311 
0.9613115060488167 
0.9264689013722085 
0.8860674978905645 
0.965395992424114 
0.9782656096676419 
0.9353509997834217 
0.9693884235894012 
0.8765800375820652 
0.9362113199671156 
0.9245280717183105 
0.9858484186148787 
0.9753814385488392 
0.8420723899306604 
0.9870834194059114 
0.9303776991598766 
0.9056629160871176 
0.9731496868138048 
0.9890546853280523 
0.9406472922682034 
0.9732088549296409 
0.9337242323096827 
0.9639843288273114 
0.9172118025982374 
0.941242384371966 
0.9553810772195073 
0.9594697635450988 
0.8830571485481364 
0.9109667894504966 
0.9827856996757817 
0.8197881809056217 
0.9280857022370428 
0.8849030462406811 
0.9211342697479634 
0.9827493649228316 
0.929650935661954 
0.8630096275731206 
0.981626470221573 
0.7127229273339108 
0.9196196793138051 
0.8035869102611544 
0.9905097770519673 
0.919435060207694 
0.9849957676784883 
0.9284751412738425 
0.9552650282308757 
0.6947734233790347 
0.7259584028963713 
0.9262452236004097 
0.7799372653459734 
0.9237471541258829 
0.8308728250685725 
0.937741843901861 
0.9786134320737893 
0.9558088283461449 
0.9474981009792315 
0.9903042383591346 
0.9887608553259013 
0.8984311618301414 
0.9863263579475054 
0.9659833569868619 
0.9583620184397356 
0.9769952289755793 
0.9689705070141555 
0.9879768561267033 
0.9757437292120164 
0.9463327385711732 
0.9598637168076012 
0.9830908167533783 
0.8985795167602519 
0.9130672287631677 
0.8997039461429307 
0.6477051715041575 
0.9721171894010373 
0.9612233527496069 
0.972566742425981 
0.962679910770008 
0.9330450684149841 
0.9128513027846805 
0.9678429546083003 
0.8141663606160897 
0.8943737129575212 
0.9270488975858667 
0.8724360905236148 
0.9809035647364645 
0.9845005278198377 
0.9565684922106635 
0.9652266052375484 
0.9330176928204783 
0.9304346558810469 
0.980090066707859 
0.9820377205075677 
0.9119694471821376 
0.8657936243321052 
0.9646913758409604 
0.8005240720145336 
0.9834578289931744 
0.7720674327359535 
0.9061243334452073 
0.8641293345586071 
0.9839235003386302 
0.9570629791665441 
0.9830613620625737 
0.9364895256795828 
0.9691133658768792 
0.9594770469900785 
0.9708226267092981 
0.9856902394644786 
0.9808158960973612 
0.9313791399894252 
0.9345646027919702 
0.8863743738200972 
0.9641309024124496 
0.9761472708280449 
0.935784245768514 
0.8821016556799406 
0.8953409018820907 
0.9105267819598888 
0.9455240654093748 
0.8465145267237004 
0.9877954092219347 
0.963402689942961 
0.9880517851916045 
0.9538905099070709 
0.9738388120597672 
0.9800393994501054 
0.9699843141709864 
0.9586545965871908 
0.8532623750876094 
0.943501539402302 
0.9617621668013098 
0.9502166280360052 
0.9888685280837896 
0.9894077068993838 
0.9720347373902285 
0.9771055846731909 
0.9380248935926299 
0.9314332543891484 
0.8942962504250985 
0.7221196824416075 
0.8854801659762297 
0.9757533716793854 
0.9794955807565153 
0.892059598090273 
0.9072853231185866 
0.9948200177795247 
0.9777036619883567 
0.9539790304790702 
0.9044152959510166 
0.97538035009832 
0.966567632864335 
0.9376902553510178 
0.9216426301010302 
0.8794305106214602 
0.9810358065303887 
0.9832503930826245 
0.9785348661704019 
0.9522547252184491 
0.9410905992085496 
0.8722286587073904 
0.9797458529747893 
0.9835088389540144 
0.739800642803622 
0.7944723971253504 
0.9504077419950837 
0.9237058256524463 
0.9154014717126739 
0.9602185296536936 
0.9741535371708957 
0.9786731025597576 
0.9593915988752347 
0.9793793300348353 
0.9372075553939259 
0.9452260278374632 
0.9566712314249264 
0.8585425304701172 
0.9285519628434651 
0.9636082065647464 
0.9222865541464922 
0.9599689272113916 
0.9262330974426266 
0.9680066338773562 
0.9419041364916795 
0.9498814304754936 
0.9378758624200341 
0.951784023873103 
0.966311171975434 
0.9827406542859518 
0.911759544650652 
0.9799128299937442 
0.978298402312664 
0.9458590302731529 
0.9369687155091975 
0.9864676605672259 
0.9197449616533883 
0.82351101890153 
0.9892398936899368 
0.8999779314827672 
0.9787277419685211 
0.9559691817733668 
0.9447562670738014 
0.9854062765822197 
0.9006126783428315 
0.9689900351416042 
0.8050771659686665 
0.9820816457176974 
0.9701077718576073 
0.963086841958226 
0.8442955186184347 
0.9584085796238543 
0.9885252236193102 
0.9618603697487572 
0.9716627058966882 
0.9575789086884625 
0.9803364430548256 
0.9614018237472999 
0.9861107131950808 
0.9296811714378619 
0.9082172777941359 
0.9672252069019555 
0.9652799136149438 
0.9657769060608878 
0.9726829362967935 
0.9864196830141554 
0.6880068748771896 
0.9584174229136714 
0.9578139950435447 
0.8311210321943409 
0.9371485163774178 
0.9199620034709048 
0.9877589413845528 
0.9121862111726372 
0.879278390947201 
0.9762616962237469 
0.9719095277308659 
0.9570860730692751 
0.9725315382904552 
0.9721553930827582 
0.9486405535316464 
0.9528954751645937 
0.9832711984899927 
0.9773207125814208 
0.9128085836454578 
0.8957017539489945 
0.9361940788100329 
0.9822957691043148 
0.9564272515387745 
0.9554003499299357 
0.9556233461616799 
0.9051543810371449 
0.9732015104929422 
0.9584252189460757 
0.976560742728111 
0.9487343654956973 
0.9710625541088671 
0.9852619574111047 
0.9639795812247739 
0.9653926980579827 
0.8423346341163945 
0.9813253741097395 
0.9886008601728055 
0.9951149818148182 
0.9845263055987222 
0.9008413633815723 
0.9191893025728474 
0.9804394193334963 
0.9844839226368794 
0.9844333442111807 
0.9467458310602112 
0.7334990405794075 
0.8929114102000838 
0.9764829307884626 
0.9578951714381568 
0.9669763007923997 
0.9672549770635135 
0.9231085392903684 
0.9398283877811866 
0.9345879189245622 
0.9762483069329677 
0.9517022786110187 
0.9895969747260835 
0.9689155277096027 
0.9704650045218122 
0.9803103058116506 
0.9844895308843463 
0.9844905073012019 
0.9264443492509089 
0.9379482254611335 
0.9827749220707075 
0.9878414006524152 
0.9765705144630773 
0.7383196669945633 
0.9607164615417165 
0.8419091062442815 
0.9693847978700412 
0.9822536564822008 
0.950296368287164 
0.9931101819875107 
0.9788597957184777 
0.8987036588289476 
0.9732981863751036 
0.9340283618160339 
0.9318954313181004 
0.9732444982405118 
0.7932218702314291 
0.8779989618052271 
0.7354288493282587 
0.790417546771978 
0.9695994291106234 
0.9451307180486304 
0.9867221375076343 
0.9736181501029832 
0.9778879720526719 
0.8440760476565737 
0.9615573522125695 
0.9769004223529022 
0.9366413139184194 
0.9624522028858422 
0.9571375780483056 
0.8950738903274938 
0.9386347160297912 
0.9658701677960039 
0.7800296677947303 
0.8574314112347294 
0.7875824112838592 
0.9539232065387823 
0.9673755849475397 
0.9579386643953273 
0.9769642674367438 
0.8950372965380871 
0.9733135445554753 
0.9865742700376251 
0.7679867745634682 
0.9770315340375734 
0.9591260755305099 
0.880468237442134 
0.984650116073198 
0.93492764579534 
0.9721241931104777 
0.945979797965526 
0.93055888357005 
0.9432467030421858 
0.9730218058848623 
0.9271476527265249 
0.9754717326600061 
0.988907742031697 
0.9573587027910324 
0.95610438922708 
0.8393834877815352 
0.76293578128443 
0.9408640975536217 
0.961421895033543 
0.9759580198227464 
0.9383417157398904 
0.9668346268555073 
0.9292546738456441 
0.9378709105490548 
0.9137963317393594 
0.9191668498393609 
0.9501612725868888 
0.8139762451274494 
0.9438133625775857 
0.9814083559677075 
0.9603208578997651 
0.9494769179060661 
0.9595571673430727 
0.9241183703710389 
0.8730862023373424 
0.9704993416255284 
0.912885522000625 
0.9711610523746524 
0.9255018007931457 
0.9760551478810349 
0.9612196160600252 
0.9718941208192021 
0.973617216006006 
0.9067842860274213 
0.9851685286878862 
0.9883623867753156 
0.7628272565515516 
0.9741520250193627 
0.9719521187000306 
0.976394708468277 
0.8690389990465933 
0.6694017268847607 
0.9674188731008855 
0.8091037972672696 
0.9246173875396755 
0.9851182693778214 
0.8697210986278733 
0.9911939864035828 
0.9404838987074964 
0.8822960292516432 
0.9783098381972042 
0.8731317484857524 
0.9021732156852175 
0.9581726236200645 
0.8833211147843733 
0.9784483823399108 
0.9650280905585751 
0.9608640749100519 
0.7119502292739848 
0.9837230363727455 
0.9630303026587764 
0.962310071004061 
0.9063720194998086 
0.7787947565864838 
0.8945753796303169 
0.8975426550995962 
0.942587251408357 
0.8698757851090516 
0.9490186854058562 
0.9335606344390048 
0.9166985713996496 
0.9166341994315658 
0.941404155684841 
0.9871754340621979 
0.9846342579885349 
0.9563276593815263 
0.9861155594368323 
0.9733623112309788 
0.9805934422856006 
0.9895497335711537 
0.7631927471853956 
0.9859434141483973 
0.9832289844781292 
0.915450549799548 
0.9139347708447282 
0.9537267083282092 
0.9261739993370437 
0.9829604037791826 
0.9683660199876293 
0.9906345426878432 
0.9589633918162099 
0.9718990392223645 
0.8331564102608805 
0.971071202522632 
0.9326107650189454 
0.978312548121243 
0.7852824027264967 
0.9510257954176775 
0.731568024373415 
0.8636476107382466 
0.9325584556480475 
0.9903631941122932 
0.9723283010188811 
0.7977275739417636 
0.864288215970106 
0.9716632529818171 
0.9861210049131266 
0.9609775175505968 
0.9707188696036536 
0.9739052479330865 
0.94722695347387 
0.9671440345403796 
0.9756923477654852 
0.9705285073546485 
0.936597876546733 
0.9160795667213767 
0.9668372366357133 
0.9376379812660233 
0.862161832353998 
0.9718628894291992 
0.8592645015380795 
0.9658942537388375 
0.8767745595208003 
0.9201811987602989 
0.8918958850175392 
0.8376042292352796 
0.9825310343836541 
0.9702068872319269 
0.9887909751226287 
0.9401292709909478 
0.9836509578069532 
0.9833200747177745 
0.9788549487597341 
0.7467569846723948 
0.9466012433389759 
0.9633236534701208 
0.9752075450455479 
0.9833381380259805 
0.967877175127655 
0.9406741498960827 
0.96862311229072 
0.9455834963202036 
0.9584648286690552 
0.9530536627038735 
0.9833707689597123 
0.9681487431624788 
0.9752355559218863 
0.8775756686454453 
0.8916987906209125 
0.9782553983492777 
0.9315822827664256 
0.9408462651081078 
0.7552433793195421 
0.9176536217034216 
0.8713777430697651 
0.971588679282839 
0.9675150218566898 
0.9545516424409884 
0.9156787181759358 
0.839886702059341 
0.9683449315058804 
0.9690210557957191 
0.9804753865078658 
0.8252562600661201 
0.9641827225252958 
0.9368275848868023 
0.9761718742924532 
0.9394625137295797 
0.9724720940655834 
0.9289825603465957 
0.9692392066815934 
0.923800366334894 
0.9159321721242994 
0.9090012712019732 
0.9845505734789461 
0.8990641153756873 
0.8246219590004995 
0.9900445064322564 
0.8829584541061661 
0.949825617331664 
0.8477503511184706 
0.7918282773014391 
0.9493015769182136 
0.9324657334953975 
0.9615879131696365 
0.9922279735955682 
0.9735200176329111 
0.9885976783869869 
0.9635359865763373 
0.9586860344387295 
0.8853718189119756 
0.91935941222818 
0.9796291022608448 
0.9622000514161048 
0.9753842359755444 
0.8721838559571691 
0.9895230465701615 
0.9743478174348077 
0.9654447577389128 
0.9533329758180995 
0.9278412721196219 
0.9900886039356941 
0.93377475027987 
0.7263687761188723 
0.9538460250867983 
0.9667519589112294 
0.9330273472854501 
0.9892326075028517 
0.9403109895923568 
0.9692337753392626 
0.9764251257755655 
0.8824079698280793 
0.8417239186860508 
0.8702382869560732 
0.8868067774317037 
0.976388496403446 
0.9786622571659465 
0.9830078983353554 
0.9827751196591713 
0.9431847559399839 
0.9499312114364038 
0.9624264327215563 
0.9257652726943955 
0.9455106827330422 
0.9076938498751765 
0.9905511686787518 
0.9363738227250116 
0.9797981203565151 
0.9393042565670139 
0.7454169792293323 
0.979089850496047 
0.9407189163576661 
0.9585929616676191 
0.9771322429925906 
0.8873712970465689 
0.9917785958170336 
0.7227773785450494 
0.9677286409813938 
0.9503411897216122 
0.916403589066784 
0.9533581390183992 
0.9821686321011064 
0.8743464848201911 
0.9651133006514003 
0.8517537503336637 
0.860346649464648 
0.8567834284102095 
0.6989416705539557 
0.9703133145515296 
0.9711877892382328 
0.9354857535221224 
0.9833821256301147 
0.9774792061815575 
0.9786872370709034 
0.9804551088498948 
0.8746690286252766 
0.9710667141035435 
0.9701186327993676 
0.9027377989848985 
0.9827406161784975 
0.8614973912626827 
0.9743246258442257 
0.9729722074878253 
0.9544998909808771 
0.9890309176259077 
0.959057803033749 
0.7687503851223219 
0.8938047062262677 
0.9088214459705706 
0.9158501485860798 
0.9561111579297965 
0.938226132594694 
0.9345622966420729 
0.7857114121582205 
0.9537586692181781 
0.9656567441590163 
0.9429022938752764 
0.8969017104609632 
0.8847793264889897 
0.9689586349182883 
0.9455035174606218 
0.9819159366912387 
0.9333155417225988 
0.9380933072716637 
0.7784929329712192 
0.9748103045532828 
0.8060439034763731 
0.9566032824616629 
0.9695368846127452 
0.9687116585741626 
0.9867565727321673 
0.980579379573348 
0.9472532162511462 
0.9494065725732098 
0.9357132593418831 
0.9353054609858623 
0.9201381809347107 
0.9722052518267084 
0.9733735860675338 
0.9830520848614639 
0.6708546045722672 
0.8540025975100526 
0.8821420810000118 
0.9712966841046019 
0.9539873976224533 
0.9807624847428718 
0.9703087782895045 
0.9270098549850836 
0.9497494265020494 
0.8887453018747601 
0.9176392861936932 
0.7998388119097251 
0.9561987475973404 
0.9517622405448193 
0.954305538564163 
0.9783959959396601 
0.95914889204275 
0.8946485630625147 
0.9582693163192204 
0.9532492091075327 
0.9800112237795561 
0.9589866781789754 
0.9203528345266448 
0.9376270311141625 
0.9762833901663093 
0.8810024584206677 
0.9518529882380398 
0.9618620204910305 
0.9875219352598915 
0.9770922517796529 
0.9674780773743268 
0.883604054336044 
0.9602127497576107 
0.8479607798334845 
0.9767223757796449 
0.9780511852661337 
0.9401028401214824 
0.8189814126373063 
0.9763015101093024 
0.9692312545212859 
0.9217366221670795 
0.9096585367456311 
0.9817730609906163 
0.9496478794427579 
0.9880787758358316 
0.9678859227321496 
0.9693979915285851 
0.9848425554811664 
0.8186886747029742 
0.9598597228205223 
0.9743734842880055 
0.9144323582077847 
0.9884986877988361 
0.9853243640992533 
0.8839143956348723 
0.9720327397460939 
0.9719387148134393 
0.8051710663777912 
0.9618132604744607 
0.9569676579393165 
0.9533307721033999 
0.8914046602710274 
0.9495460170153714 
0.970987244987213 
0.9776641158987549 
0.8501308651672287 
0.8983037533181244 
0.9683343818096054 
0.8873873972456293 
0.9857151506091856 
0.9644457189381215 
0.9639000881869749 
0.9707133678421745 
0.9715975005332542 
0.9030055245242049 
0.8955177048577928 
0.9040216040738595 
0.8837492075808211 
0.9516918963224381 
0.9751699906175246 
0.6316877281770398 
0.63659209770395 
0.9724317633296213 
0.9202255326942307 
0.7463115708331102 
0.9358178816316851 
0.9882413732124341 
0.9490805454617636 
0.9566308269600432 
0.9284534049930772 
0.935838389330489 
0.8853092943001327 
0.9523692091211998 
0.957617430464383 
0.9521292726220499 
0.9246609702699582 
0.9738641379562519 
0.9817375949698078 
0.9689715869956085 
0.9719168272122718 
0.9699583643541713 
0.971542331163138 
0.9492615050528027 
0.9620912667750917 
0.9317576133478563 
0.8690524105291656 
0.9443727737019995 
0.9412393375245816 
0.9802923884698803 
0.9132369055606491 
0.9579809018757005 
0.9687595583364532 
0.9797402647028792 
0.7401055013961803 
0.9691237941905083 
0.9622664328330128 
0.9546222536957486 
0.9739834487377651 
0.9558935989414561 
0.9212582794558094 
0.9663888058998197 
0.9669284540816931 
0.9330682185788349 
0.9909091367124017 
0.9636112361917296 
0.9290629421654337 
0.9118763187884837 
0.9125480726273528 
0.9676615411636725 
0.9611192380840249 
0.9432647451229648 
0.9492357112929471 
0.8495173164264421 
0.97291536971852 
0.9492841545414799 
0.94295305883089 
0.9589548554484743 
0.959759165613206 
0.8084199890581568 
0.9770776621876438 
0.9654932330154663 
0.932796635710627 
0.934171277270436 
0.9694205551511001 
0.9373309479807318 
0.8947787245205953 
0.955838010300137 
0.7368072694041093 
0.8167254146187882 
0.9705542130388313 
0.8217937729676322 
0.983168151655619 
0.9500896771520981 
0.9548214571154788 
0.8151079583292441 
0.8847455583106572 
0.9244896481159027 
0.9739193711988101 
0.9162560999867292 
