0.9872855120605755 
0.9802083508748165 
0.6716055384005877 
0.9157882569147232 
0.9467838544547421 
0.9515739087331528 
0.9663606043718034 
0.8878222120293824 
0.9825340962553418 
0.9864277538295416 
0.8887374743053792 
0.9588606873844285 
0.9189921441474773 
0.9634676644259237 
0.9850599287246105 
0.9695985955541259 
0.9794474739202971 
0.9521850437305185 
0.8606256672624116 
0.7409012648169397 
0.989850443615409 
0.9587603195091909 
0.9603427945177826 
0.9823783616767158 
0.9568994235390664 
0.9677420976522877 
0.8433323306871434 
0.8072115928302209 
0.9321489576282073 
0.9667618026727594 
0.9836238335705806 
0.9379735988589942 
0.9723843578215959 
0.8628271720904066 
0.9329365229704194 
0.9603203425160602 
0.7727990840586021 
0.9565751217655527 
0.7424888081366179 
0.9465043896531833 
0.8990507037781266 
0.9253915526498084 
0.9141545472131212 
0.9675959664926922 
0.9377666399608976 
0.9055377263104459 
0.9760935409585016 
0.9111088762479884 
0.9510676006416174 
0.9305718943860908 
0.956664534077981 
0.9753132039379591 
0.9815439843808975 
0.9335883655966905 
0.943449528380415 
0.947752684778627 
0.9736017267291351 
0.9311546754591946 
0.947167979067225 
0.9132417901438236 
0.9203321652767634 
0.9142049019988827 
0.9279014585264209 
0.9813857268725732 
0.9223006854321949 
0.966328251035359 
0.9406398666634249 
0.879336922332958 
0.9312157378497955 
0.8554763279103417 
0.8700711555027094 
0.6371436981048452 
0.9662108148183534 
0.9355961056651124 
0.9194525876675693 
0.9750121710251731 
0.940787277339107 
0.9691181457417906 
0.9845058409844355 
0.9598336044899961 
0.9087665500651673 
0.9818990532013127 
0.9761273042200439 
0.978240443896909 
0.9584612493107061 
0.9754669696762073 
0.8744381234743716 
0.9556194931517279 
0.9646107326535961 
0.9913358482894491 
0.9736649377992856 
0.9518363535736778 
0.9086116212281783 
0.988150828462514 
0.9770462771250411 
0.9092950012880013 
0.9511517341672862 
0.8823517579706547 
0.9429052547233517 
0.9778721577172541 
0.9638187972065794 
0.9640967162169997 
0.9868934799058733 
0.8980947883382054 
0.9746023526647546 
0.9001087254990618 
0.927393455709536 
0.9635568613114686 
0.8345714061275268 
0.9503306517464033 
0.9748524242196677 
0.9706722277611037 
0.7844659758636374 
0.7568915624391017 
0.8246008360413603 
0.9836698484753815 
0.9769340585574805 
0.8053754648130257 
0.8344258836489521 
0.97747775358665 
0.6651024211217024 
0.9573607136691988 
0.9487265277324035 
0.9530351226164334 
0.9686239693866292 
0.9516943176470657 
0.9668373615568869 
0.7265966143557687 
0.8576293115494005 
0.9737639064586106 
0.947765559313888 
0.9462400435458528 
0.9444022063943411 
0.7499323915331249 
0.9174560562043206 
0.9440773588221398 
0.9429896552430359 
0.9735451662126989 
0.7940344178346922 
0.7319629639261296 
0.9713013516875444 
0.9739371988601969 
0.9702864524220572 
0.9510310268533555 
0.8838984367977534 
0.939876768333365 
0.9643657133880641 
0.9877768982144115 
0.9609881077851421 
0.9773802911088462 
0.9642758482678133 
0.9583258737510049 
0.9500647940794763 
0.8849443255470095 
0.8800290557381195 
0.9786845622613993 
0.9689500772296683 
0.9513016338908954 
0.9636733928648407 
0.9146107014503624 
0.7706757163955116 
0.9332463701389069 
0.8724909394950628 
0.9635446806539081 
0.9342094066191321 
0.955747097730516 
0.9660121340583178 
0.9774312009211149 
0.970970440629894 
0.9484621846380134 
0.9443327983686759 
0.8975669332911006 
0.9561123015134758 
0.9427631720928515 
0.8285717837132188 
0.9399856067914976 
0.9067909198906848 
0.9485203871784837 
0.9622299468794665 
0.9861304799090667 
0.9857627393285994 
0.9748111515329483 
0.9746875599891397 
0.9929292565306812 
0.9681154899403523 
0.9341402980167378 
0.9542467780240917 
0.92309010085087 
0.9761316022631891 
0.9391166603363889 
0.934469989979724 
0.9288283732052736 
0.8784026604659995 
0.9401844703571824 
0.9669694792588701 
0.8881879648136611 
0.965965805121483 
0.9302116981146773 
0.9636645560187236 
0.9613115060488167 
0.9102632867234998 
0.880887449595701 
0.9653957131754101 
0.9782656096676419 
0.9335411606289427 
0.969387818374254 
0.8716015775205548 
0.935464625754282 
0.921567677157516 
0.9858484186148787 
0.9753810486312476 
0.8417475332611142 
0.9870834194059114 
0.9300587797715765 
0.9015755840840162 
0.970671000181805 
0.9890546853280523 
0.9404135651500418 
0.9564245778836803 
0.9102482348483767 
0.9631657102717228 
0.9144962242686179 
0.9386618208153359 
0.9448816353761091 
0.9594697635450988 
0.880596784661337 
0.8995664383488134 
0.9827856996757817 
0.8160740675543875 
0.9275801018856702 
0.8849038985983502 
0.9186258028556271 
0.9818326534982824 
0.9183586082189596 
0.8609466245051164 
0.981626470221573 
0.7113499674267245 
0.9162546399865916 
0.8014279299973097 
0.9905091123520803 
0.9160267134109941 
0.9849957676784882 
0.9284750774817756 
0.9552910130495186 
0.6947083814067797 
0.7007737600688577 
0.9262451545114032 
0.773561890285271 
0.909061387062801 
0.8299134611232528 
0.9375086177696127 
0.978613279218411 
0.9526682412915939 
0.9440088184774269 
0.9903042383591346 
0.9887608553259014 
0.8766179472979971 
0.9863263579475054 
0.9656517803286668 
0.9494272384246186 
0.9769952289755793 
0.9659826611003107 
0.9849833683174994 
0.9755468987025646 
0.9207571187160457 
0.9453712263485478 
0.9830908167533783 
0.8928462841717925 
0.9078905988683766 
0.8978812113500192 
0.6403749545999878 
0.9665329230193578 
0.9553410931280036 
0.9708744292462818 
0.957263748377653 
0.9330405155441989 
0.9071020626294719 
0.9670914427738428 
0.8093733864957323 
0.8943738266661614 
0.9224113721928662 
0.8718127671754679 
0.9809035647364645 
0.9821772999119374 
0.9557653617839825 
0.9624833985613579 
0.9330176928204783 
0.9183456415060699 
0.980090066707859 
0.9801817290628291 
0.9050176427928944 
0.8615642486990839 
0.9646913758409604 
0.7969507613398171 
0.9834578289931744 
0.7720670771539156 
0.903903072306425 
0.8641293345586071 
0.98392350033863 
0.9566129882791644 
0.9830613620625737 
0.9364890670815482 
0.9691129978513677 
0.9584550562807546 
0.9586272151213938 
0.9856902394644786 
0.9712333638607824 
0.9313791399894252 
0.9345648925586837 
0.883197799903364 
0.9632497267343426 
0.9761472708280449 
0.9277239287444776 
0.8816116617077837 
0.894536290436067 
0.9071703748704514 
0.9417931977875023 
0.8465145267237004 
0.9875351598821674 
0.9598447187405329 
0.9880517851916045 
0.9537077590931368 
0.9713595551649257 
0.9797376842592749 
0.9673830614915147 
0.9573205741938268 
0.8309347753005847 
0.9422052498964659 
0.9613069576241178 
0.9434983255615055 
0.9888685280837896 
0.9894077068993838 
0.9715040501592122 
0.9770095836003541 
0.9375327367401121 
0.9314335357535596 
0.8727188463684372 
0.7146516753589905 
0.8730104703113302 
0.9757533716793854 
0.9794955807565153 
0.8907574316587378 
0.907283531288431 
0.9948200177795247 
0.9759472883371453 
0.9442924347031252 
0.9009723810346375 
0.97538035009832 
0.9665676328643353 
0.9376902553510178 
0.9161897400401918 
0.865382357644795 
0.9810358065303887 
0.9817399503397517 
0.9785344582551223 
0.9445340136468676 
0.9378256963854479 
0.8722289170806269 
0.9794101245450271 
0.9803116433250271 
0.7353998410806724 
0.792171747441226 
0.9471244104437656 
0.9198045212853948 
0.9127281664162533 
0.9564224344642606 
0.974121328206854 
0.9786731025597576 
0.959391519730986 
0.9793793300348353 
0.9188225916999937 
0.9449081281299657 
0.9566712314249264 
0.8552269784753097 
0.9285518536480739 
0.9626201787671811 
0.9222865541464922 
0.9597052486834962 
0.9262330974426266 
0.9673615359491288 
0.9392060462384538 
0.948115556428364 
0.9183625536348233 
0.9392437066251857 
0.9579625569924407 
0.9820533281301267 
0.9116731136437928 
0.9799118613362131 
0.9666586932688518 
0.9428441251664412 
0.9367208250682573 
0.9864667863727058 
0.9191333598388577 
0.8093727068618859 
0.9892393176132549 
0.8969992844583052 
0.9783496557685024 
0.9559691817733668 
0.9392616543870287 
0.9854062765822197 
0.8998588150839661 
0.9671720504368637 
0.8005350354928934 
0.9799268837141338 
0.9701074593052528 
0.9595251135802705 
0.8357815456902316 
0.9569330097456402 
0.9884912622485069 
0.9560974626080566 
0.9623945835569797 
0.9575762320741097 
0.9803360315299642 
0.9614018237472999 
0.9841961253154569 
0.9296805769273344 
0.9082172777941353 
0.9653132092155735 
0.9649602462151687 
0.957851043705771 
0.9700955166754022 
0.9843383603907813 
0.6735731678798692 
0.9583548913518448 
0.9578139950435447 
0.7933094397537307 
0.9339807312243316 
0.9199620034709048 
0.9877589413845528 
0.9057703089730983 
0.8766872306522513 
0.9762611567259571 
0.9682152991496745 
0.9570860730692751 
0.9725315382904552 
0.9663836497092222 
0.9486405535316464 
0.9477821210846443 
0.9758348058845544 
0.9758827258617524 
0.8869463199863274 
0.8811231539830822 
0.9357206024004647 
0.9822957691043148 
0.9529151874371311 
0.955400061595194 
0.9508320653066361 
0.8874998658966164 
0.9732015104929422 
0.9566691287057302 
0.9765602435359456 
0.94130572403246 
0.9710624701028661 
0.9836263394242651 
0.9629620947702491 
0.9653684368035887 
0.8415349245863174 
0.9800183354952708 
0.9886007777877774 
0.9951149818148182 
0.9845263055987222 
0.8961252232700747 
0.904566410057555 
0.9804394193334963 
0.9836216410538645 
0.9844333442111807 
0.9406813629034287 
0.7304019385031559 
0.8746921935441946 
0.9764829307884626 
0.9578951714381568 
0.9574423209823452 
0.9672549770635135 
0.9231085392903684 
0.9388235705892604 
0.9271580986718253 
0.9762478772593177 
0.9510640966295897 
0.9895956714090934 
0.9657433362533081 
0.9676928148769763 
0.9802996844242481 
0.9844895308843463 
0.9790497062271014 
0.9202742891882859 
0.9304438681538144 
0.9827749220707076 
0.9870716953252966 
0.9765705144630773 
0.7258072230508268 
0.9607160018646045 
0.839492611606715 
0.9693847978700412 
0.9798937630454332 
0.950296368287164 
0.9931091277236368 
0.9788597957184777 
0.8925641814234304 
0.9732979655379808 
0.9374741629292893 
0.9318953624604273 
0.9652310316881985 
0.7806519852570496 
0.8749932135149272 
0.7299840761293358 
0.790417546771978 
0.9620295166535583 
0.9442004641075932 
0.9867221375076338 
0.973617478220637 
0.9742270346476843 
0.840143112616611 
0.9615573522125695 
0.9768995550536906 
0.9366413139184194 
0.961709765935405 
0.954224899832112 
0.8947807543518589 
0.9380381814825698 
0.963921254060011 
0.7807102514653431 
0.8559558362629439 
0.7851666455707504 
0.9524371121554911 
0.9592957824015304 
0.943021329827336 
0.971892174411821 
0.8947688068629291 
0.970389889429607 
0.9865742700376251 
0.7636561422080831 
0.9784620850181934 
0.9463674873543436 
0.8741581848196119 
0.984650116073198 
0.930815385247007 
0.9721241931104777 
0.9413850202542628 
0.9299923459974607 
0.9411501153052744 
0.9711659491280187 
0.9271475038570518 
0.9741132355665576 
0.9812095031385074 
0.9572491756912552 
0.9561051174503884 
0.832160112596818 
0.7610224446275897 
0.9367777517043375 
0.9614218477111958 
0.9749231402366153 
0.9383415387429888 
0.9622902734857048 
0.9194004211806941 
0.9300108125786981 
0.9127662775205112 
0.9191668498393609 
0.9493201067529567 
0.8125490590579472 
0.9430149915842689 
0.9814074136415959 
0.9603200268697096 
0.9417983685448863 
0.9595571673430727 
0.9241182386827479 
0.8714219275973225 
0.9704993416255286 
0.9115971713267332 
0.9689529755183406 
0.9249919933734704 
0.9760550608724604 
0.9612190055162133 
0.9688107099460329 
0.9736172160060058 
0.9063557219955528 
0.9851685286878862 
0.9883623469327663 
0.7577709780040482 
0.9741520250193628 
0.9691901642967953 
0.976394708468277 
0.8530056106261911 
0.6653622639347666 
0.9655760820523168 
0.8067819058646498 
0.9243255746688853 
0.9824769821880295 
0.8674805016748599 
0.9911939864035828 
0.9404838987074964 
0.8753848245202565 
0.9739291265287944 
0.872191135529977 
0.9042124688364414 
0.9568162308376392 
0.8798093102468622 
0.978448160751493 
0.9650280905585751 
0.9606285028090805 
0.7104359572792703 
0.9837230363727455 
0.9569143890885774 
0.9610685342395067 
0.9048885943885211 
0.7790003185268862 
0.8860942922553465 
0.895745944251589 
0.942587251408357 
0.8669331337916081 
0.9489721715099839 
0.9332840387336299 
0.9120618320784588 
0.9152570673647519 
0.9408556142633586 
0.9866866235946423 
0.9784318521156216 
0.9563271805217946 
0.9861155594368323 
0.9733623112309788 
0.9702831697869422 
0.9895497335711537 
0.7626193111459333 
0.9854249792834914 
0.9832289844781292 
0.9050082961041261 
0.901275000810569 
0.945798671510215 
0.9211129469896399 
0.9824117193603789 
0.968330306831557 
0.9906342840232901 
0.9517676227129755 
0.96853130616103 
0.8264919472761212 
0.9708251569141089 
0.9262227597531195 
0.978312548121243 
0.7852824027264967 
0.9492821396526538 
0.7274613612106856 
0.8580254324326562 
0.930445509808012 
0.9903628243963483 
0.9723283010188807 
0.7929408440412881 
0.8457559552151693 
0.9716629892936779 
0.9861202297129114 
0.9609772538299984 
0.9696680773929314 
0.9739052479330865 
0.9347780397157032 
0.9606039266748972 
0.9756923477654854 
0.9705276132595771 
0.936597876546733 
0.9149011265468655 
0.9668371383858423 
0.9266199378703021 
0.8621500644500114 
0.9674072165555772 
0.8566838517827545 
0.9652850285342022 
0.8633817363982259 
0.9201801566187268 
0.8907215194902245 
0.832646834758858 
0.9825310343836541 
0.9662222322400817 
0.9887909751226287 
0.9401292709909478 
0.9836509578069532 
0.9833199551707077 
0.9788547201032244 
0.7467239346202639 
0.945783730833038 
0.9604932915189638 
0.9698178840423364 
0.9833380678245855 
0.9585117652096111 
0.9405167755001494 
0.9652438168334336 
0.9406843245103035 
0.9398676117862773 
0.9528725173326998 
0.9833707689597123 
0.9681485685179824 
0.9738265565750203 
0.8731237019904541 
0.8873623866154973 
0.9782553983492774 
0.9274538402760559 
0.9408462651081078 
0.7552433793195421 
0.9176529865085042 
0.8712756695296644 
0.9710502802768167 
0.9655320893741218 
0.9440092765867149 
0.913782716519068 
0.8385977982596269 
0.9666266002725298 
0.9683730425450278 
0.9804752534477005 
0.8227048994297074 
0.9641825183632002 
0.9331822367868817 
0.9761718742924532 
0.9437475152604857 
0.9710190937156847 
0.9289825603465957 
0.9658175982104485 
0.9214861009267238 
0.9159321721242994 
0.9090012712019732 
0.9843496388862478 
0.886978430232276 
0.8175391837432127 
0.9900445064322564 
0.8816457893807087 
0.9438862368900993 
0.846282560542414 
0.7857497204335586 
0.9493015769182136 
0.9280425911306672 
0.9615879131696365 
0.9861776445017482 
0.9725473877218983 
0.9885976783869869 
0.9630361383007523 
0.9496425741595518 
0.863290490962129 
0.9189374895314034 
0.9587720641513575 
0.9587408908043555 
0.9753842359755444 
0.8713378364546661 
0.9895230465701615 
0.9743478174348077 
0.9654445419315014 
0.9514001417108323 
0.927608660826862 
0.9779319194188392 
0.9337747502798703 
0.724979578068809 
0.9538103575781026 
0.9636989000908422 
0.9252508819983667 
0.9887358510782586 
0.9403109895923568 
0.9690111700156057 
0.9760470222123528 
0.8768446086931186 
0.8295846842295131 
0.8700775458211131 
0.8868067774317037 
0.975207393068213 
0.9786605533931578 
0.980637364094725 
0.9820499065515846 
0.9371908390859303 
0.9486339398546786 
0.955522080097678 
0.9250252485744561 
0.9434006082825999 
0.9030393967486251 
0.9900834650567143 
0.9338187897560245 
0.9777183289386112 
0.9379635357399323 
0.7393093789943669 
0.9683388244880111 
0.933939415038248 
0.9575944533961483 
0.9771322429925906 
0.8881766578215703 
0.987598532200344 
0.7215494786369099 
0.9623247042846527 
0.9466029929433187 
0.9164033212969621 
0.9533581390183992 
0.9820801631131396 
0.8724031594296303 
0.9638789690416535 
0.8510168843300628 
0.8544147564648191 
0.8523760699573889 
0.695706175856011 
0.9676916725814863 
0.9671553665617154 
0.9354857535221224 
0.9831389368680192 
0.9767729383928535 
0.9782513241207297 
0.9804549479477402 
0.8726566977885598 
0.9708055433400409 
0.9572195302863976 
0.8899514591208944 
0.9827391834136903 
0.8528416247232632 
0.9715394430054496 
0.9711123863898514 
0.9543645454480303 
0.9890309176259077 
0.9576746936407822 
0.7612823570511833 
0.893804675421302 
0.9088214459705706 
0.9106064116645206 
0.9541623749951846 
0.9288598089037785 
0.921207532048356 
0.7854672222605595 
0.9533688362377268 
0.9648861954902891 
0.9195961337979933 
0.8697852935524962 
0.8845940348576266 
0.9686425521918295 
0.9384609901695914 
0.9819159366912387 
0.9332554660614224 
0.9380933072716637 
0.775802878181577 
0.9709442700420489 
0.798891455573621 
0.9403543087333158 
0.9625588119165085 
0.9618853555804467 
0.9867565727321675 
0.9761133762850353 
0.9444170659655654 
0.9473475453018971 
0.9206245823892797 
0.9283874243189758 
0.9071602314215816 
0.9722052518267084 
0.9727857502514249 
0.9830520848614639 
0.6696962487683141 
0.8516143300366922 
0.8741258649149828 
0.9575589441127984 
0.9496715549528408 
0.9807624847428718 
0.948047594334484 
0.925798495691714 
0.9497494265020494 
0.8870075593421327 
0.912901605797916 
0.7969279737020138 
0.9561980042422145 
0.9512247103905673 
0.9543054701114473 
0.9782388794479963 
0.9554851812964695 
0.8923364280313334 
0.9582696572053683 
0.9532490944792592 
0.9800112237795561 
0.9581972514025865 
0.9203528345266448 
0.93762687813374 
0.9762833901663093 
0.8793020252329204 
0.9385451701900493 
0.9600836938510826 
0.9862148261493814 
0.9770922517796525 
0.9655470359519897 
0.8702356363659145 
0.9602127497576107 
0.8449437095735269 
0.9767217831626465 
0.9778980078985596 
0.9401028401214824 
0.8165314997631541 
0.9763015101093024 
0.96406186462256 
0.9213713040799014 
0.9096585367456311 
0.9808583434574681 
0.9414789568154771 
0.9880787758358316 
0.9666929661875213 
0.9693979915285851 
0.9848425554811664 
0.8184998077688457 
0.9598597228205223 
0.9743730880356151 
0.9128353964102176 
0.9884982420976204 
0.9853240567965246 
0.8839143956348723 
0.9685181925290411 
0.970458084090086 
0.7932795352819954 
0.957034749218363 
0.9518392584531965 
0.9523960733482548 
0.8862058554592857 
0.9495457402312796 
0.9709027826255563 
0.9775730951088332 
0.8331854053166113 
0.8902384212280622 
0.9683343818096054 
0.8854209800938146 
0.9857150073293237 
0.9644457189381215 
0.9621001650108303 
0.9692978057012255 
0.9715971756408235 
0.8922724485595563 
0.8955176577484921 
0.9032414825202972 
0.8825986433741417 
0.9499369842527164 
0.9751698789243678 
0.6176419709911405 
0.6360251044529941 
0.9724312122017847 
0.9191105293296256 
0.7297670063147175 
0.9350273981952395 
0.9882413732124341 
0.9485567103195036 
0.9534824982523307 
0.9237445506478261 
0.9235394273901337 
0.8853092943001327 
0.944927533323416 
0.9460917876780787 
0.9402569823381628 
0.917091860934901 
0.9736939420060358 
0.9814090320811351 
0.9655717781833704 
0.9704167851960709 
0.9699581705605534 
0.9700894575159561 
0.9492612155731851 
0.9557347289349208 
0.9317576133478563 
0.8652182279747285 
0.9391059861545402 
0.9412387478969989 
0.98029208521485 
0.9125379033275511 
0.9579809018757005 
0.9674489612071303 
0.9796584730626061 
0.7393021707414464 
0.9691237941905083 
0.9612059633789505 
0.9546222536957486 
0.9739834487377651 
0.9558935989414561 
0.901683900969133 
0.9661523768884958 
0.9669284540816931 
0.9321206074823524 
0.9909091367124014 
0.9628117718694341 
0.9080351498176292 
0.9099310201449303 
0.904203541516524 
0.9594835210301209 
0.9583819309149821 
0.9432646820061411 
0.9417542420914536 
0.8461301030562237 
0.97291536971852 
0.9450341570095029 
0.936547145654177 
0.9589545408190348 
0.9597589728073485 
0.8076717121723659 
0.9770770876371039 
0.9624803704191884 
0.9318647496614276 
0.9331003049934371 
0.9694205551511001 
0.9373308925109659 
0.8947786968205168 
0.9537572579312885 
0.7291619399514954 
0.8120204375832839 
0.9705542130388313 
0.8162171730406236 
0.9831681349815301 
0.9500896771520981 
0.9548214571154788 
0.8143042141476245 
0.884799617367385 
0.9238214327603544 
0.9516703489482092 
0.9115341717866923 