0.9841119081458893 
0.9802083034292023 
0.6662708909201591 
0.9132957964230198 
0.9466327952016231 
0.948551061463622 
0.9620662947473899 
0.8892039070164511 
0.9812000672468996 
0.9864277538295416 
0.8848341828880882 
0.9567034699399857 
0.9069211475436224 
0.9628954414976438 
0.985048880682022 
0.9689089864813255 
0.9792295650119451 
0.9479975879026593 
0.8665789860058314 
0.7417630813368323 
0.9898506296908299 
0.9575266412649601 
0.9597687908192005 
0.9820810566683087 
0.9274204766283584 
0.9479197214827297 
0.8408298392368575 
0.8055663736948426 
0.918481918558529 
0.9662940989862606 
0.9789438598289045 
0.9379734768411417 
0.968079480024094 
0.8516819993180432 
0.9299096750575552 
0.9560540593374371 
0.7516331016217996 
0.955619377674744 
0.7372335599367279 
0.9465043896531833 
0.8956593633089655 
0.9243401322386654 
0.9101662393118223 
0.9597649299978417 
0.8463632249119986 
0.8967062476918659 
0.9681845275157624 
0.9083294474540443 
0.9508780700558165 
0.9328258225079169 
0.9566643928352526 
0.9753132039379591 
0.9799582101915978 
0.9306159571030593 
0.9421095218514384 
0.9414297813203831 
0.965999576184434 
0.9260139427013128 
0.9358903270113672 
0.8986304031323442 
0.9205295416320249 
0.9076453169189298 
0.9257547812813787 
0.9803718343384416 
0.917551205075971 
0.9621320151211444 
0.9351856923835499 
0.8775617664473125 
0.9261902393666813 
0.8562217295145546 
0.8638288399823173 
0.6250570388973757 
0.9658468621467144 
0.9348537597943135 
0.9164636274701858 
0.968093032738425 
0.9382862879898493 
0.9684158468325872 
0.9845053007166613 
0.9612409299104285 
0.9042889303551627 
0.9789873627717788 
0.972608405021312 
0.9767825606862545 
0.9266603612542029 
0.9741454178469086 
0.8658750117209165 
0.954211504931859 
0.9644597268871864 
0.9913358482894491 
0.9662944657041685 
0.9362745835417527 
0.9089492200539901 
0.9834267565770497 
0.9735859921059338 
0.9180125271624442 
0.9511517341672859 
0.8807087020980321 
0.9429052547233517 
0.9764703746450251 
0.9637768413087814 
0.9316256953189821 
0.9868934799058733 
0.903414733557256 
0.9726696182509029 
0.8808543355664277 
0.9255625305111761 
0.9541054439613637 
0.8251294468321502 
0.9479275505594379 
0.9696095416231256 
0.9706722277611037 
0.7401277300229954 
0.7406272572531855 
0.8230915233365621 
0.9830501674666752 
0.9738267839747825 
0.7963905022576936 
0.8376703255009554 
0.9767550243242645 
0.6671864557511771 
0.9523119435852194 
0.9433491960934688 
0.9375770854373361 
0.9662044376045028 
0.9316074347210034 
0.9663583230211256 
0.7246532263281832 
0.8608447708832664 
0.9737639064586106 
0.9390948938576277 
0.9466683435428446 
0.9352906365243201 
0.7476603826925703 
0.9158103222324306 
0.9365872468813295 
0.9296291072477665 
0.9729091182915209 
0.7912809860735137 
0.7292791913986048 
0.965076401399758 
0.9784109831743656 
0.9693623348222004 
0.9475739741952102 
0.8776972646951479 
0.9148722846348957 
0.9576651383358858 
0.9834562439821386 
0.9605611866219533 
0.969285798081534 
0.9672088537158746 
0.9582174421311183 
0.9477724391480882 
0.890420499188048 
0.8742568436926158 
0.9780986711908636 
0.9654191184589554 
0.9495758257883874 
0.9600787058133188 
0.9105604362144183 
0.7643944936778411 
0.9341408672816022 
0.8667277212935557 
0.9314810138567196 
0.9341023570873241 
0.9480328377358396 
0.9622387776601588 
0.9769772622291337 
0.9738154131123302 
0.9423044712611017 
0.9426361124730305 
0.8859567482343762 
0.9560380310260252 
0.9310248347324175 
0.8308330273402693 
0.9190611645613934 
0.9039330781892212 
0.9415504850482435 
0.9631534317811162 
0.9870035088149117 
0.9857646378800654 
0.9690597264889945 
0.9746875599891397 
0.9924533669240349 
0.9650644634369856 
0.9341402980167378 
0.9535981037344693 
0.912659838712625 
0.9691608435981616 
0.9345255440064698 
0.9316776567180346 
0.9174060572219908 
0.871013973764407 
0.9326260557158754 
0.9388259696609939 
0.8837674137773521 
0.9466415731600909 
0.9296009408872432 
0.9394229681590721 
0.9612078381659168 
0.9021527913543638 
0.8763218049286938 
0.965395992424114 
0.978264871364877 
0.9262852204308339 
0.9652376584244905 
0.8667285819163933 
0.931062496616541 
0.9134474347433169 
0.9830173564552703 
0.9705961801807989 
0.8417475332611142 
0.9870829149337884 
0.9303776991598766 
0.8879263669521128 
0.9624790830249828 
0.9881555009873082 
0.9355615279489734 
0.9687656526091233 
0.9172649136068238 
0.9570905277021139 
0.9112636394446866 
0.9399213421893726 
0.929760844513922 
0.9589985049203091 
0.8729528590341855 
0.9099234329884808 
0.9764608699470424 
0.8100335832007024 
0.9262634755528154 
0.8829550694229688 
0.9140484098432693 
0.951068754523214 
0.9173216356480084 
0.8624824293307087 
0.981626470221573 
0.7105430928529617 
0.891926501534894 
0.791470149461296 
0.9877857622153782 
0.9035289486827874 
0.9849957676784883 
0.9238845978847866 
0.9494826188149554 
0.6922159486429917 
0.7000597016240032 
0.9248658296230423 
0.7604779283227232 
0.9015469900506548 
0.827588083162758 
0.9333948873978966 
0.9786134320737897 
0.9496123479506116 
0.9307676451741362 
0.9903042383591346 
0.9887601248283413 
0.8404701378886892 
0.9818779460091114 
0.9624898136067647 
0.9341670342442701 
0.9762797112070289 
0.9656493415159609 
0.9845005146134098 
0.9744510533011284 
0.9177892885104284 
0.9288153864539131 
0.9825909410732205 
0.8902394229067143 
0.9064255627187527 
0.8943784018806237 
0.6301478783303431 
0.951409169075702 
0.938143689376275 
0.9694476861361321 
0.9534550958382928 
0.9330450684149841 
0.9067373691850129 
0.9653629056826145 
0.8071420583367744 
0.8919427312200804 
0.9244885616258914 
0.8681572812880534 
0.9783867177981009 
0.9748916892327847 
0.9475177128431662 
0.9621022081443031 
0.9330166756358672 
0.8949863236712405 
0.980089668868508 
0.9710801647022224 
0.9043043518822005 
0.8648143743795482 
0.9612020303960763 
0.796947773041727 
0.9831669705506192 
0.7720670771539156 
0.9061460136858605 
0.8617557725094723 
0.9798140655392331 
0.9544376176275011 
0.9816833765422139 
0.9364895256795828 
0.9625615628857713 
0.9592387450466124 
0.9527196880974649 
0.9856901657933319 
0.9479375510177654 
0.9306477906175202 
0.9345379351502271 
0.8670474825247243 
0.9548404233877442 
0.9710057886773219 
0.9106986306088275 
0.8776672653399952 
0.8888089577633497 
0.8853454056010185 
0.9412637974885282 
0.8461951303475213 
0.9839717031378338 
0.9535654741129242 
0.9880515017168205 
0.9460153201343054 
0.9703639506937075 
0.9780516893915513 
0.9610613550421132 
0.958090760492304 
0.8273214075461338 
0.9389825187700122 
0.9613069576241178 
0.9352687430185228 
0.9888685280837893 
0.9894077068993838 
0.9680386556380689 
0.9727653918543203 
0.9343415756746886 
0.9314335357535596 
0.8632285012466825 
0.7162084941703794 
0.8592421623835882 
0.9757533716793854 
0.9794646558315693 
0.87810887786995 
0.9022040489580588 
0.9918189710861726 
0.9746322472404594 
0.9436478156732914 
0.9033600311502369 
0.9551126232100459 
0.9664241216388663 
0.9376902553510178 
0.9146794314526486 
0.874236098405502 
0.9810356077246775 
0.9815315564875116 
0.9767973866568739 
0.9386971689061482 
0.9394191191495085 
0.866754920568652 
0.978531015309304 
0.9698493912970291 
0.7250384806026622 
0.7906594534161384 
0.9428815577031422 
0.9127263215380415 
0.9114847046043019 
0.9508051860983837 
0.9737898694865638 
0.9779834674360732 
0.9586441011149495 
0.9789560923717079 
0.9002983879248568 
0.9452260278374632 
0.9566712314249264 
0.8526057787651558 
0.9285518536480739 
0.9601817518609542 
0.9141562452212401 
0.9478774846510467 
0.9255831371758882 
0.9663515720194837 
0.9392060462384538 
0.9433767209997033 
0.927705169908341 
0.9407627706290626 
0.962119280034062 
0.9759319247461296 
0.9099614772339623 
0.9557988856476747 
0.9550239713580003 
0.9335726380509339 
0.9302741031472135 
0.9864667863727058 
0.8901271156023065 
0.8168041512012348 
0.9887657546873069 
0.8899917513387899 
0.9728322668489228 
0.9559539310814377 
0.9361649882805946 
0.9850010420619925 
0.9003757219777521 
0.9645527156284105 
0.795606321260852 
0.9793582308484934 
0.9679955331591634 
0.9538741304984965 
0.8354138823999797 
0.9545986914007912 
0.9884916165922158 
0.9449741740283675 
0.9653043263941573 
0.9481632137078623 
0.980335450018953 
0.9614018237472999 
0.986110684689178 
0.9289007178131088 
0.9082167711868354 
0.9615459936289251 
0.9647314917296737 
0.9578552213284953 
0.9709833772470688 
0.9816195973261916 
0.6712600337162908 
0.9582125892723794 
0.9578139950435447 
0.7734096718430152 
0.9255436721183641 
0.918776675772519 
0.9877586774911025 
0.8891439300945811 
0.875131472739527 
0.9750207555354572 
0.9635970835094521 
0.9481190601572672 
0.9725028968775009 
0.9633360633298717 
0.9484104552188045 
0.9414589841010255 
0.9669647445320194 
0.9728476124937545 
0.9026749055831946 
0.8568920739491331 
0.9319988888035685 
0.9798628091435927 
0.9471738907407375 
0.9552749048893827 
0.9532766273430407 
0.9016438884644783 
0.96878425513887 
0.9486135453347064 
0.9756710476037562 
0.9304573107132816 
0.970785666805932 
0.9777160206639134 
0.9605549823429079 
0.9640087709697334 
0.8404477404841664 
0.9784502358913427 
0.9874778286222476 
0.9951147036908979 
0.9834911828587914 
0.8877133765218764 
0.8708327576124553 
0.9804394002920738 
0.9824425857218534 
0.9844333442111807 
0.9278613265257463 
0.7160904992055885 
0.8719484889807312 
0.9764822837699066 
0.9380412248703599 
0.9495613747963496 
0.965744854999156 
0.921533449319945 
0.9392305750010488 
0.9293700019003769 
0.9759830443919592 
0.9276312602732049 
0.9895956714090934 
0.9580752828325083 
0.9626534815961509 
0.9793431607480001 
0.9825577881307201 
0.9767733912092037 
0.9004312327373164 
0.9297870207057458 
0.9802262738504175 
0.9878414006524152 
0.9754377465142225 
0.723222476500466 
0.9602146027839897 
0.8387782672020228 
0.9686445275499299 
0.9691898034514129 
0.950296368287164 
0.9931101819875107 
0.9754505108591973 
0.8852098813838791 
0.9700618722566203 
0.9173601982562188 
0.9303778087262343 
0.9417027491255757 
0.7780851857671975 
0.8553896536048634 
0.7265310154098663 
0.7894974257063 
0.9641317797997181 
0.9403339630096932 
0.9862389832822216 
0.973617478220637 
0.9716421431806206 
0.837187492233725 
0.9609918595810927 
0.9742038762782704 
0.9331287668920882 
0.957545115412535 
0.956088584638603 
0.8909461366556214 
0.9291713628899092 
0.9658701677960043 
0.7567230249996483 
0.8518034635369169 
0.7860110222109395 
0.9504410907779454 
0.9566190387886758 
0.9438678284286232 
0.9769642674367438 
0.8950373752528418 
0.9625920647545665 
0.984549283063644 
0.7613173559370948 
0.9666856425544234 
0.93032730854274 
0.8754936845115089 
0.9832601715469698 
0.9238361652361924 
0.9688002654365704 
0.9364910478375662 
0.929954344759626 
0.9392682587376378 
0.967010178104977 
0.9271475038570518 
0.9713865633512416 
0.9738121962440968 
0.9572491756912554 
0.947370282937471 
0.8017137609374831 
0.7506159233584914 
0.9293739862356777 
0.9614218477111958 
0.9701376978846001 
0.9349112906735331 
0.9415278713615042 
0.9137988106021805 
0.9198998531080657 
0.9132550917248792 
0.9191666465838524 
0.9482544582574968 
0.8094020073974626 
0.9352641761090398 
0.977657415407382 
0.9533526250139365 
0.9345362286475444 
0.9566459875325197 
0.9237747823339241 
0.8678584045055525 
0.9704993416255284 
0.9026032190790392 
0.9686215323585884 
0.921139694013296 
0.9732943048623951 
0.946422287621706 
0.9678707871119673 
0.9736172160060058 
0.9021879962486813 
0.9851430269024121 
0.9882850524207861 
0.7596772932179668 
0.9689691759244223 
0.95211772690287 
0.9763939160710924 
0.84782897705044 
0.6674911176913487 
0.9595616585049472 
0.804924000319385 
0.923455559333731 
0.9837389678959231 
0.8645381647938326 
0.9902795943276825 
0.9367237924601436 
0.8724103680527008 
0.9409860602203067 
0.8699860137179973 
0.8933514251598397 
0.9411020900894241 
0.8803848211144449 
0.9683078951255034 
0.957875589408046 
0.9526726036555294 
0.7043278638485568 
0.9807258926322601 
0.9564803774773151 
0.9554479271849137 
0.8823436459033989 
0.743799005115946 
0.8794188823145367 
0.8831320191451552 
0.9394523784908787 
0.8522500649773083 
0.941533573574542 
0.9315971641436478 
0.9126797792580237 
0.9125802878917396 
0.9309490164007498 
0.9871754340621979 
0.9438946143276046 
0.95337340735811 
0.9861151906265078 
0.9725993346828763 
0.9684842007197484 
0.9895497335711537 
0.7607280228184524 
0.9814970819735288 
0.9832289379460518 
0.8856588937964848 
0.8803846603009211 
0.9367549072722666 
0.8871102801599836 
0.9828838801641119 
0.9558932365188233 
0.9906345426878432 
0.9573008177096132 
0.9616643296681818 
0.8184822540397647 
0.9639343617595443 
0.9195094718308843 
0.9759501440423062 
0.7778389900272267 
0.9446378373957436 
0.7198472196419109 
0.8328978399568867 
0.9085014018073565 
0.9857656646481363 
0.9723283010188807 
0.7892845266339522 
0.816248902791351 
0.9716629892936777 
0.9816358358141576 
0.9607408590009678 
0.9696682108204362 
0.9739052479330865 
0.9428251257781411 
0.9643191073646917 
0.9756923477654852 
0.9705285073546485 
0.9358599943241599 
0.8918560219991604 
0.9668372366357133 
0.9204743388794253 
0.8610624851795358 
0.9653267632262776 
0.8514308013935196 
0.9628549699930964 
0.8649020122983568 
0.9153577574222944 
0.8865950717195921 
0.8263864748558825 
0.9820868944774763 
0.9624281340954567 
0.9887909751226287 
0.9328169764847111 
0.9832641672386562 
0.9789790482773737 
0.9734535997770439 
0.7466087067906436 
0.9448962953468362 
0.9585356697443026 
0.9638260871111629 
0.9770145348421287 
0.949854226933821 
0.9223822364788677 
0.9613560332593725 
0.9295502105027262 
0.9125972276263897 
0.9415778660319792 
0.9833707689597123 
0.9652626137329516 
0.9745970209946149 
0.8775756686454453 
0.8645337152264279 
0.9763355059049883 
0.9239416329637345 
0.9376602457665028 
0.7542576659737459 
0.9101082901614928 
0.8702893511515727 
0.9690212963419985 
0.9571563513110574 
0.9352529285215925 
0.9135820889421263 
0.837375273089754 
0.9661375448460654 
0.9578669339429073 
0.9795313886803243 
0.8123946524197023 
0.9622908467695906 
0.9320484379393716 
0.9761717643882817 
0.9225275791150497 
0.9516734390620915 
0.9288756005697033 
0.9662746674529221 
0.9233576892045062 
0.9149415611885147 
0.9072357972949215 
0.9787197107792205 
0.8842455892602885 
0.8273210020409527 
0.968123631206351 
0.8676687784876621 
0.9426142380947842 
0.8411584725999216 
0.7720246571789092 
0.9493011498768326 
0.9122055991444497 
0.9615879131696365 
0.9804157821027257 
0.9583645017853595 
0.9885976783869869 
0.9625876072306703 
0.9317738093908211 
0.8476386917583367 
0.9176177819985513 
0.9676028110861087 
0.9176415746126804 
0.9753842359755444 
0.8700064213131599 
0.9895230465701615 
0.973119482251836 
0.9596412478896564 
0.9242245176467292 
0.9234201016974645 
0.9779319591250045 
0.9304194968155283 
0.7232120184585318 
0.9504769293469852 
0.9178022076513407 
0.9236201767472487 
0.9887358510782586 
0.9403109895923568 
0.968691616992357 
0.9486224100696536 
0.8759976286233265 
0.8277861691741296 
0.8659058512935145 
0.8862157743692044 
0.9664061759076404 
0.9719171873377835 
0.9708950909064604 
0.9783818579009192 
0.9239515312194957 
0.9425003333451271 
0.9502668651855988 
0.9177570360717453 
0.9396278579060261 
0.8826918599711923 
0.9878744141681757 
0.9172633873955994 
0.9743847300510907 
0.9360453025930581 
0.7319638808011029 
0.9577715714705614 
0.9332605118072741 
0.9558033860717313 
0.976038569017662 
0.849627084890236 
0.9859175085900957 
0.7207492349549643 
0.9608141705878485 
0.9462628431867934 
0.91634314092881 
0.9510588335737143 
0.9697314977329446 
0.8506890511608317 
0.95274049106861 
0.8400254846072478 
0.8521791491969493 
0.8419016493688823 
0.6872655980892558 
0.9610873776846758 
0.944984230031561 
0.9338692458180425 
0.9814068350057131 
0.9774792061815573 
0.9779297516979613 
0.9715886558832677 
0.8697316352541169 
0.9681117350637579 
0.961935551303221 
0.8945393828096445 
0.9827406161784975 
0.8541139542285291 
0.9448369409440114 
0.9659434639586691 
0.9529251956128477 
0.9888781390682132 
0.9542549483959909 
0.7629982677258688 
0.8928610455357808 
0.9088210588363799 
0.900863491835056 
0.9359620142736513 
0.9107795412500322 
0.9046032224302083 
0.7412371039972578 
0.9296466900586006 
0.9627084007540566 
0.9274316254247837 
0.8557792767228664 
0.8796697474550892 
0.9595516463810532 
0.9350096532268434 
0.9806244991823339 
0.9315823785020363 
0.9380918288820372 
0.7690425061637123 
0.9625048296613143 
0.7872206011045001 
0.9393587786764084 
0.9636523120891262 
0.9493406889141597 
0.9867562934520204 
0.9754665432537712 
0.9387685027781767 
0.9401271463094805 
0.8788533135356585 
0.9066123482463054 
0.8929333919471077 
0.9695002693525904 
0.9642731255254763 
0.9821632020280968 
0.6726901248140245 
0.8521245168266849 
0.8696888415423557 
0.9529256314628144 
0.9433892780828375 
0.9789404972444453 
0.9378619101268596 
0.922030745899251 
0.9497494265020494 
0.8825837641200133 
0.9092546528117255 
0.7955447696195213 
0.9512321399444016 
0.9461564693143343 
0.9543054701114473 
0.968334324233435 
0.9458146143808468 
0.8784985230754752 
0.956132537381715 
0.9494767311605367 
0.9800112237795561 
0.9541346605475364 
0.9112327406115698 
0.9326065050748564 
0.9735250181565912 
0.8738991566173254 
0.9164534464225521 
0.9522874589720015 
0.9847760391795258 
0.9770922517796525 
0.9666405283078258 
0.8539398819279432 
0.956084748679152 
0.8385972202796561 
0.9756901944561681 
0.9767511245096661 
0.9401027820459025 
0.8113840385291581 
0.9758157835200015 
0.9643092826718995 
0.9193216635293281 
0.909658365146773 
0.9815093898652641 
0.9418056216670513 
0.9877154026085957 
0.9655808867814615 
0.9564155143432478 
0.9848425554811664 
0.8178541065524306 
0.9598596432383872 
0.9740629886017179 
0.8954258462870681 
0.9884982420976204 
0.975941615509834 
0.8829427565557847 
0.9715899846510833 
0.970458084090086 
0.7808089220828319 
0.9482832645771059 
0.9387383085439449 
0.9502668060938557 
0.8796553649810869 
0.9488316871753673 
0.9628730042367323 
0.9776637704234038 
0.826716775256079 
0.8788763923750782 
0.9614701067455119 
0.8767310991591124 
0.9846924034201318 
0.9606871446627019 
0.9580941781964545 
0.9601751402235036 
0.9700740971295608 
0.8770685602915013 
0.8944556622841857 
0.9034887892357913 
0.8787354361390506 
0.9492594918211192 
0.9734400462009538 
0.6182608723628659 
0.6284652285764042 
0.9651560810804991 
0.8858168478135081 
0.7097017444232195 
0.9318418573453825 
0.9882413732124341 
0.9377893591594474 
0.9468402057917334 
0.9244018470430615 
0.9307972258520523 
0.8853092943001327 
0.942351878958254 
0.9381251972840603 
0.9347549547269987 
0.9105382101881002 
0.9669209388935974 
0.9817375949698078 
0.9494987509738162 
0.9265506976151288 
0.960967683043338 
0.9568217186218462 
0.9489286502745806 
0.9612206314836287 
0.9233837112886136 
0.8606588798039737 
0.9343062520948037 
0.9398613304644707 
0.9792806161047095 
0.9091472714019257 
0.9579808518403378 
0.9580247857004719 
0.9786421048287632 
0.7356866962411307 
0.9691237941905083 
0.9549834483598104 
0.9523186868988378 
0.9709215532016217 
0.953408964682806 
0.8903353322533392 
0.9654327616596691 
0.9665596785412984 
0.9307680029437315 
0.9909089563326281 
0.961184191867249 
0.8831430681193604 
0.9032997784488737 
0.9026962982957877 
0.9454095035065341 
0.9411124331836451 
0.9354847751084555 
0.9416979135774022 
0.8349969780128215 
0.9707309576727582 
0.9405339888337857 
0.9345096710673523 
0.9560097579399133 
0.9594652142135238 
0.7999147318518384 
0.9734696189409799 
0.9571027973406437 
0.9285346615686194 
0.922355279614434 
0.96942050028876 
0.9351931698514291 
0.8929527070594957 
0.9530290663303913 
0.7094225758108821 
0.8067542951683859 
0.9705529903495067 
0.8074933188385607 
0.983168151655619 
0.9493502146879751 
0.9548214571154788 
0.8139943821576018 
0.8391108686867064 
0.9233708532736031 
0.9487995802678142 
0.9116850705865595 