0.9872850207855095  0.9872850207855095  0.9872855120605756 
0.9802083034292022  0.9802083508748165  0.9802083508748164 
0.6325710240520418  0.682885912448101  0.6724524945861067 
0.9133990560531207  0.9172749604282082  0.9157665668774756 
0.9423669801406113  0.9488449434000453  0.9488449434000459 
0.9461818300606233  0.9529263961048744  0.9515739146707994 
0.9675853768099759  0.9676694741229684  0.9675853768099759 
0.8786008061521952  0.8956379685965974  0.8873544986073824 
0.976063341539902  0.9825340962553416  0.9825335445251112 
0.9845174115687103  0.9864278284920099  0.9861944560356235 
0.8877136232734634  0.8887374743053791  0.8877219378055026 
0.9339699276806736  0.9611806133237041  0.9354010411149336 
0.9034274367999694  0.9235273255894577  0.9150874965600414 
0.9560897894941439  0.9634676644259238  0.9634676644259232 
0.985048880682022  0.9850594027093206  0.985059402709321 
0.9533313544064508  0.9695985448743633  0.9672332133543304 
0.9794474739202972  0.9794474739202971  0.9792295650119451 
0.8547129703089927  0.9637696002842596  0.9146543121196729 
0.8208318314797036  0.8689170277516693  0.8526424023963183 
0.5706796680596573  0.7559854017717736  0.5802293544355857 
0.9627335384940517  0.9898506296908297  0.9896713577501505 
0.9465931008566324  0.9601104078501407  0.9566229949787223 
0.9628128828533903  0.9628128828533903  0.9628133481492419 
0.9820810566683089  0.9823788000772313  0.9823788000772314 
0.9271787259071017  0.9666682545698503  0.9463872035161821 
0.931536510312624  0.976632998528684  0.9526960212795998 
0.7833298387003041  0.8489089563198657  0.8075655507495315 
0.804732688578547  0.8113137649728323  0.7954473129807466 
0.8276419699978399  0.9459736291725915  0.9016745921274508 
0.9456585891978944  0.9696819728566112  0.9653565250609474 
0.9518847851046706  0.9836238335705813  0.9836238335705808 
0.9375781099343995  0.9379735988589943  0.9379734768411417 
0.9732866379151409  0.9735288704520834  0.973089886045875 
0.8379381703787994  0.8682082724775354  0.859147148171336 
0.9311179758773511  0.9329361875410681  0.9329361875410689 
0.955510445279991  0.9603875559304911  0.9603208025372801 
0.7505518798142683  0.7818038692398551  0.759113463038819 
0.9535376669150781  0.9569829744358697  0.95698297443587 
0.7245339964552696  0.7433976389385991  0.7190991683321701 
0.9465043896531836  0.9465034442899765  0.9465034442899763 
0.8744883901232744  0.9023648852593253  0.8972491531744663 
0.9232604416234315  0.92539134360314  0.9253915526498077 
0.8407230686588504  0.9464967730526044  0.9228296574433005 
0.9232465965678724  0.9684734137608725  0.9398884345029385 
0.8950102357675921  0.9572369960300469  0.8517992378601157 
0.8982015080779779  0.9067697331299073  0.9025722582842425 
0.9163227992785776  0.9760930879867395  0.9683875283403119 
0.9062297899895765  0.9120992700863142  0.9120988730624239 
0.9512974190648743  0.9512974737722524  0.9491749261151158 
0.8766048623968372  0.9372218184240801  0.9140307525785524 
0.9562880618890837  0.9566643928352526  0.9560002617257018 
0.9753132039379591  0.9753131323380719  0.9753131323380718 
0.9815429533916875  0.9815429533916872  0.9815439843808975 
0.9321143613021531  0.9342285454197903  0.9338908339230119 
0.9385023792120561  0.9442397030620013  0.9435585777270679 
0.9420285494108941  0.9503086864776804  0.9493511313263253 
0.9693615595754181  0.977636772643894  0.9721711863267918 
0.9297953152351732  0.9323878590088915  0.9317080290890246 
0.914478902826644  0.9495646535858653  0.9396453558401353 
0.8543372043040949  0.9160052813111106  0.9011662802733156 
0.9184577135308439  0.920529000863134  0.9201182154760664 
0.8906516868301476  0.91568669630768  0.9098251590287123 
0.8989795948354334  0.9293707647370373  0.9232294796375231 
0.981385726872573  0.9813857268725729  0.9813857096129279 
0.9212607550241091  0.9233820016976305  0.9230928001816001 
0.9666071234545861  0.9666063529774711  0.966327480622271 
0.9073084303170951  0.9425006437058201  0.9244276931089215 
0.8515682584561343  0.8832802148117855  0.8686288912468636 
0.9139681398411078  0.9312151102950317  0.9253013866649911 
0.8563764642230264  0.8563764642230264  0.8563764642230264 
0.8588075594588561  0.8800681136142207  0.8637280089108491 
0.5859049109774285  0.6561980027401823  0.6271950912593166 
0.9662044210331964  0.9670134803373892  0.967007035791477 
0.9345853162797516  0.9355961056651121  0.9342561542021646 
0.9168690886140078  0.9194526216926594  0.9194067076158592 
0.9609022577764886  0.9754444613354816  0.973156341365644 
0.9273326950602959  0.9483871463694789  0.9293579212283479 
0.9299459806812119  0.9691356438961363  0.9683080031549112 
0.9845058409844356  0.9845058409844356  0.9845058409844356 
0.9398968417557729  0.9643865367230872  0.9461689220844118 
0.8510993339997727  0.9215486924876468  0.8827889383283085 
0.9818990532013127  0.9818990812524947  0.9818990532013127 
0.9721069169530901  0.976126930878334  0.976126930878333 
0.9782408651737085  0.9782408651737091  0.9782408651737085 
0.8667338962575396  0.9708102862135815  0.8955177709986738 
0.9687035201629642  0.9763597120498217  0.9734448845659797 
0.8682181090167812  0.8786287181813413  0.8714441571672151 
0.9553796122673539  0.9556189815690849  0.9556194931517275 
0.9643354386485378  0.9646112822377084  0.962939104346984 
0.9913358482894491  0.9913358023812765  0.9913358482894491 
0.9741154292620966  0.9741152442339482  0.9741152442339479 
0.9068711939861326  0.9539843296773353  0.9451873716448672 
0.9080269059598589  0.9119529908143883  0.9091752505803895 
0.9881513146824524  0.9881513146824529  0.9881513146824524 
0.9742070995926956  0.9770459786357452  0.9770459786357448 
0.8586764034766401  0.9266341994850649  0.9121689869022449 
0.9511521046530732  0.9511517341672862  0.9511521046530732 
0.8697432243099467  0.8935891725994572  0.8860963167571896 
0.9371369557098747  0.9429051365697283  0.9429051365697286 
0.9631469868104443  0.9778721577172544  0.9778721045225488 
0.9634320493128584  0.9638185850941897  0.9638187972065794 
0.905833102843821  0.9715852529127218  0.9604580587122427 
0.9868934799058733  0.9868934242266347  0.9868934799058733 
0.8774976020951207  0.9075753701453719  0.8944605206312003 
0.9712215411212706  0.9746023526647544  0.9740017808298272 
0.8761447888754074  0.9057256505805581  0.8857448067627529 
0.9261183169603542  0.9288552784523848  0.927453811119504 
0.9282102427151  0.966849647588028  0.9492977384193201 
0.8210529727545478  0.8373367544271771  0.8307121463713438 
0.9503306517464026  0.9503306517464035  0.9432026815411915 
0.9735607917093129  0.9748524242196677  0.9744087017595975 
0.9706722277611037  0.9706706138768227  0.9706722277611037 
0.6117266000042083  0.8182050966756413  0.7702951832072255 
0.631080889717914  0.7807976241331708  0.7476575429680077 
0.8145609395544368  0.8273351474055767  0.8250660709175667 
0.983669387977843  0.9836693879778435  0.983669387977843 
0.9755277090128077  0.9786659566966138  0.9782336511490235 
0.7707172477043973  0.8187827575124386  0.7955783610294778 
0.8315937792588172  0.8474482915610936  0.8134632099910257 
0.9690008933076629  0.9774777535866497  0.972600628796167 
0.6299854001747734  0.6694569003173951  0.6464205430827237 
0.953933756087546  0.9573607136691985  0.957359658518137 
0.9180221431756218  0.9690395847202075  0.9596242426874833 
0.9261088741295419  0.9661412081236953  0.9396264636500941 
0.9616846359508088  0.9702803777039238  0.9696192528664588 
0.9466159405551348  0.9633510010657828  0.9627576523141675 
0.9577669602779039  0.9752398153916222  0.9680303297496837 
0.715158429544645  0.7318156820777759  0.7310140317076573 
0.7125488359459079  0.8715697183429297  0.8636860665743816 
0.9727733860980852  0.9737639064586106  0.9737639064586098 
0.9285179281707335  0.9491570854575417  0.9463456677268008 
0.9375848209672739  0.9565004623896148  0.9468880795223144 
0.9351040791641111  0.9444230459835878  0.9444014787190701 
0.7493740830010709  0.7499325604420742  0.7481388810264139 
0.913360367936976  0.9179179434579566  0.9160135137843615 
0.911033043472434  0.9500786074814241  0.9397010365303965 
0.931763531611228  0.9485987178837996  0.9433586868539645 
0.9695837843492772  0.9735451662126986  0.9729091182915209 
0.7919104900967682  0.7959361817276598  0.794478301809915 
0.7309637298037487  0.7324176329439303  0.7222801755560115 
0.9688629417836423  0.9790255885385012  0.9602639071596784 
0.968656140391529  0.9812832842086646  0.9699560979761767 
0.9693623348222004  0.9702864524220569  0.9702864524220569 
0.9450859241001403  0.9521901293505032  0.9510310268533554 
0.8697668092136339  0.8870885107489399  0.8746084296881329 
0.9422628683639702  0.9505231042771005  0.9175321738432949 
0.956666367144572  0.9697818150146006  0.9638348453776283 
0.9861637629852019  0.9877768982144115  0.9866511912322087 
0.9027845447152051  0.9610076771564617  0.9570186868748366 
0.9457989226485031  0.9829454834910643  0.9699619030217561 
0.9630801779719783  0.9689441428930178  0.9654837245014001 
0.958199950773582  0.9601822674145869  0.9556027801409673 
0.9500650160694674  0.9504078542347547  0.9504078542347547 
0.6730847155316578  0.9103538341995627  0.8085180801222019 
0.8651166088401996  0.884972213318535  0.8776487957768846 
0.9745173865894095  0.9796294855578408  0.9786110477174117 
0.95794768006517  0.9728620606526851  0.9666105822002324 
0.9496419013043131  0.9513016104526971  0.9513016104526972 
0.9607718241208665  0.9730516735619552  0.9606369090278123 
0.9019373076486523  0.9147244158380368  0.9141985311839879 
0.7333993005055554  0.7801611479849874  0.7721523781642813 
0.9234197602458829  0.9362760524818923  0.9322697285686992 
0.834969948270091  0.8749858637234587  0.8656092332547145 
0.9301886115144369  0.9706878248633025  0.9640595548937552 
0.9291727086215849  0.9353431894232207  0.9353198063040222 
0.950349791586961  0.9606625911918981  0.9482386905434835 
0.9660131492193498  0.966391078998243  0.9663910789982432 
0.977431200921115  0.9774312009211149  0.9774309174896242 
0.9735389778513895  0.9763465409990335  0.9568197117589157 
0.9488893032846998  0.9509543773862843  0.9505270460457673 
0.9398485566858393  0.9443319426591342  0.9443327983686761 
0.8720956137300117  0.8984756498729551  0.8961720826814307 
0.9535926918398707  0.9561123015134757  0.9561117720164838 
0.9166391113491823  0.9457461208028674  0.9422516462262206 
0.8262493965822495  0.832355951620017  0.831805014584097 
0.9183833665462521  0.9399854364039633  0.937253484590233 
0.902345648254378  0.907851096617238  0.9057184321276073 
0.8834939498544311  0.9647457016594151  0.8990755343254141 
0.9535659722031674  0.9633197608516327  0.9581657414686287 
0.9538645598236448  0.9879358514618418  0.9879352200530191 
0.9857627393285998  0.9857646378800657  0.9857627393285998 
0.9743432641391616  0.9748106884154644  0.9743432641391616 
0.971044416528763  0.9746876492901333  0.9746876492901329 
0.9929292565306812  0.9929292565306814  0.9929292565306812 
0.9556806957529318  0.9734550658573922  0.9623632092138273 
0.9286181794168413  0.9341392794147797  0.9341402980167377 
0.9524100372119444  0.9542464491042038  0.9542467780240917 
0.8159749163949608  0.925423519777361  0.8972275790643692 
0.9309888218986433  0.9820084963825743  0.977669611877418 
0.9302253577264428  0.9391160504736391  0.9391160504736397 
0.8870308832863122  0.9539096632250932  0.919322864420419 
0.886589545332674  0.9289761049853037  0.9259886303881665 
0.8671201263833771  0.8784026604659996  0.8777285538881403 
0.9008584777463455  0.9417273837004256  0.9379157179933637 
0.9496971280455518  0.972237504107977  0.9508596143002397 
0.8841529647508686  0.8881879648136616  0.8880981214991378 
0.9484240731887046  0.9697939614951856  0.9633106847462579 
0.9296008230072728  0.9302115803810674  0.9289307837191547 
0.9405071622388294  0.965270180833227  0.9324003956080482 
0.950409131896017  0.9613114727834697  0.9613115060488169 
0.8904645574272666  0.9281348267162182  0.9061010177841882 
0.8366371944306009  0.8861646682391783  0.8611270531177917 
0.9622434531584451  0.9653957131754101  0.9653957131754101 
0.9779083169582344  0.9782656096676416  0.9782656096676416 
0.8824449358005655  0.9353509997834218  0.9353508415552253 
0.9680878862441592  0.969387818374254  0.9682369355024503 
0.8739522594659669  0.876579919907135  0.8701121410515238 
0.934828023156324  0.9362113199671162  0.9354643627327783 
0.8922979997095482  0.9245280717183113  0.9166192974552734 
0.9858484186148788  0.9858484186148788  0.9858484186148788 
0.9733535706538837  0.9753814385488395  0.972611701001449 
0.8242671588034945  0.8420723899306606  0.8420723899306601 
0.9870834194059114  0.9870829149337885  0.9870829149337884 
0.928833993526903  0.9303777639193573  0.9296521232162189 
0.8786424422359623  0.9056625488913104  0.8989504187899442 
0.9600802901663623  0.9731490836098933  0.9707040896775213 
0.988652445359306  0.9890540454097447  0.988652445359306 
0.9301971415042096  0.9406472922682036  0.938647955073816 
0.9234924330374217  0.9754789406033876  0.9498174628810042 
0.9181433738251564  0.9362988219709429  0.9293314332362675 
0.9552992842055591  0.9639843288273111  0.9636263993215248 
0.9130034569858828  0.9178595935711467  0.9140247429359729 
0.9154095768264323  0.9412423843719652  0.939680199218749 
0.9302891759924348  0.9606312174473465  0.9157391708823723 
0.9462805514572451  0.9594697635450987  0.9589992944374174 
0.8529984945139358  0.8831637244770659  0.8817145742645452 
0.8538856508090966  0.911217302655677  0.8816940947140717 
0.9772110043926521  0.9827843343621306  0.975131639715262 
0.7912416497151179  0.8203221069293788  0.8056433855132453 
0.9230868067135873  0.9280856446261158  0.9279379425631855 
0.8836756351057916  0.8849038985983503  0.8849038985983503 
0.911646052686444  0.9217314394738535  0.9175539711748624 
0.9084486261798678  0.9827493649228316  0.9662763602936376 
0.8979181645794676  0.9296509356619547  0.9124088858030024 
0.8581861392641298  0.8630092550655524  0.8616463271607613 
0.9816254147537492  0.981626470221573  0.9816254147537492 
0.7062842931412637  0.7143313624894525  0.7119539958279854 
0.8853953215324147  0.9215512033927699  0.904011689675953 
0.7944510299788499  0.8053733617269915  0.8037497912991018 
0.9903276699453755  0.990509777051967  0.9903283357658578 
0.879046978084943  0.9201765673647859  0.8974652391762703 
0.9849954827244809  0.984995767678488  0.984995767678488 
0.9284750774817756  0.928475141273842  0.9284750774817756 
0.9044526092462939  0.9552910130495186  0.9499176012682216 
0.6750912015909508  0.6947734233790338  0.6942523080307242 
0.6472957395975316  0.7363112195203018  0.6526968255989996 
0.92365470958292  0.926245154511403  0.9262451545114034 
0.7090509196150443  0.7884562173233417  0.7603081767264201 
0.8150573807288434  0.9340477183227714  0.8718947106392761 
0.8214792413952725  0.8310557281212918  0.8278701340671215 
0.932433542510688  0.9377418439018608  0.9364897401983276 
0.9783331460697319  0.9786132792184112  0.9786134320737897 
0.9497057093491998  0.9558076232131387  0.9544293287391 
0.901947661034011  0.9494159582434362  0.9360732848625073 
0.9903042383591346  0.9903042262490588  0.9903042383591346 
0.9887601248283414  0.9887608553259011  0.9887608553259013 
0.8074946298188931  0.9060098245509204  0.8038639673309599 
0.9776456634217547  0.9863263579475056  0.9861700626969827 
0.961296447681834  0.9659829658976647  0.9636073188254879 
0.901915292438991  0.9588821644220932  0.9497302092045388 
0.9755958238720055  0.9769952289755797  0.9769951149602104 
0.9524531908300575  0.9689702134338777  0.966623114021456 
0.984974280216706  0.987976705218283  0.985728981677923 
0.9662151654889102  0.9757437292120162  0.9749327435647236 
0.8964325201820252  0.9463564887359474  0.8859640888113618 
0.8607230509378534  0.9675233450216003  0.9546626620402501 
0.9830907568531263  0.9830908167533786  0.9830908167533781 
0.8653603324364985  0.9019497419905255  0.8554270457043037 
0.9072691256632485  0.9130661953681765  0.9026637208475268 
0.8970092506578242  0.8997039461429315  0.8994157442522421 
0.5352940370527115  0.6497849800548758  0.6287859966108063 
0.9620350296265362  0.9721171894010372  0.9673468140466102 
0.8692447824488501  0.9612233527496077  0.9612233527496066 
0.9551433446478477  0.9725667424259807  0.964116034243163 
0.9536643989767436  0.9626810696141214  0.9465192644685461 
0.9320733353288847  0.933045068414985  0.9330448019968637 
0.7928167724923475  0.91285130278468  0.8955759100455194 
0.9547301085889001  0.9678429546083006  0.9653627968763606 
0.8017868071873632  0.8148339535696666  0.8100472411454583 
0.8943738266661612  0.8943738266661612  0.8943738266661612 
0.9164917315349675  0.9271176881119294  0.9249297900645944 
0.8724358557774766  0.8724360905236143  0.871166897513377 
0.9809029397452182  0.9809029397452184  0.9809035647364647 
0.9716225740495373  0.9844993179719328  0.9844993179719331 
0.888549158320984  0.9565684922106636  0.9496545693593941 
0.9257790051011467  0.96522624408632  0.9564052104132154 
0.9330176928204782  0.933017692820478  0.9330166756358672 
0.8763913519292515  0.9304755569727199  0.8771705068691019 
0.9800900667078589  0.9800896688685077  0.9800896688685082 
0.9553148559852833  0.9820381337117381  0.9656535392310162 
0.9072157572546975  0.9119691216100109  0.8926290260742221 
0.7953603443066383  0.8668064067000435  0.849645201668112 
0.9646912646070456  0.9646913758409603  0.9646912646070456 
0.7914688652882931  0.8005240799386272  0.7985160698471553 
0.9806408635579749  0.9834574197454478  0.9834578289931744 
0.7713847988823784  0.7720674327359537  0.7720670771539156 
0.8979991540641852  0.9081745636744838  0.9056833558581991 
0.8601303585428579  0.8641293345586067  0.8623393352208609 
0.9839235003386302  0.98392350033863  0.9839235003386302 
0.9371548198885613  0.9570627777457724  0.9408579078637765 
0.9780520155952797  0.9830607809196146  0.9816839580609441 
0.9364895256795825  0.9364895256795831  0.9364895256795825 
0.9526881226224244  0.9691133658768789  0.9641273909414831 
0.9576802098876754  0.9594770469900785  0.953557686949024 
0.9281832794686323  0.9708225556665264  0.9624129050662246 
0.9856902394644786  0.9856902394644791  0.9856901657933319 
0.9391220453942709  0.9808158960973612  0.9796686802352393 
0.9218244600714206  0.931378193311581  0.9301363473030122 
0.930812399994815  0.9345646027919702  0.9331130872413461 
0.8686103133163622  0.8863743738200968  0.8835885171381745 
0.9574640577774992  0.9641293091728947  0.9619509178551034 
0.9685806547019165  0.976146986425323  0.9713533154197431 
0.8572093306028402  0.9357832891313631  0.913190644871802 
0.8573491636334639  0.8821016556799408  0.880012741617911 
0.8897048746455585  0.8953403592989253  0.8915073123364268 
0.9059264006494435  0.9105485887090395  0.9007816820923911 
0.9118937238402  0.9455240654093752  0.9455226350712794 
0.8465144691604564  0.8465145267237004  0.8465145267237003 
0.9872019539603029  0.9877954092219342  0.9877943296113683 
0.9543462154513813  0.9634026899429609  0.9621095832876687 
0.9880517851916045  0.9880517851916046  0.9880517851916045 
0.9388284544744188  0.9538900842497015  0.9453415844831301 
0.9212074264648749  0.973838772575905  0.973838772575905 
0.9800393994501054  0.9800385867435665  0.9798520047659337 
0.9403297468885168  0.9699843141709862  0.959131550431941 
0.9525227580800232  0.9586545224754742  0.9578062201522775 
0.8052392080402001  0.8581794937719567  0.8301122711731777 
0.9378517743675329  0.9435019380283831  0.9433450356096784 
0.9522902383936761  0.9617618647054544  0.9529067731667583 
0.9439174897639474  0.9504265852951532  0.9415757394012088 
0.9888685280837896  0.9888680198204438  0.9888680198204434 
0.9894077068993838  0.9894077068993838  0.9894069872619398 
0.9641267741849586  0.9720346961741765  0.9699448590737477 
0.9455820746654854  0.9771045930427892  0.9689187967767755 
0.9226427867267362  0.9380247400371313  0.9356884958362824 
0.9307485575542562  0.9314335357535596  0.9314332543891483 
0.6789656456239197  0.8945156471828377  0.8374343445007797 
0.6332834992827714  0.7221196824416082  0.7131919287151517 
0.7740829961613086  0.8860937183528537  0.8427491264755348 
0.9648776697958741  0.9757533716793854  0.9757533716793854 
0.9794955807565155  0.9794954132682766  0.9794955807565155 
0.877208143522658  0.8920602997630629  0.8831260738913075 
0.9008443619690477  0.9072853231185867  0.89840056579617 
0.9948200177795247  0.994820017779525  0.994819904627276 
0.9777036619883569  0.9777036619883572  0.9777034447053483 
0.8740719215159531  0.9590362869727843  0.9416857642888303 
0.9030505203272057  0.9044159052677294  0.9008260149888483 
0.9701607005863844  0.9753810113991391  0.9328785513929041 
0.966566826441191  0.9665676328643349  0.9665676328643351 
0.937689842517903  0.9376902553510166  0.9376902553510179 
0.9169476594694025  0.9228968876510787  0.9173412917213802 
0.7612474680094161  0.8801928819787146  0.8204173949710873 
0.9808151902614389  0.9810356077246772  0.9810358065303889 
0.9779419389046405  0.9832503930826251  0.9580295000309221 
0.9316903511767519  0.9785344582551222  0.9539616573443592 
0.8580935392833243  0.9522887479167172  0.9131122530742314 
0.9325689569868704  0.9410905992085489  0.9398150559341863 
0.8632863753750664  0.8722412505389846  0.8722286587073904 
0.9756013885379534  0.9797458529747893  0.9783372118239876 
0.9730074913446618  0.9835082390331992  0.981525056054997 
0.6610166343621534  0.7404626506737895  0.6846906615129201 
0.7256097144310971  0.79447239712535  0.767860956469827 
0.9325967648230233  0.9518618563452231  0.9217689614480832 
0.8731503027518427  0.9237058256524466  0.9138011515566467 
0.9109705189151104  0.9154014717126743  0.9139055307755785 
0.9440636110145676  0.9603187900866903  0.9521934191760705 
0.9626683920842841  0.9741528583719699  0.9733117653499666 
0.9786731025597576  0.9786730269278862  0.9786731025597576 
0.9405579085303217  0.959391519730986  0.9530785046594393 
0.9793793300348351  0.9793784329594919  0.979378432959492 
0.7679202733505301  0.9412717300159721  0.8575053315002795 
0.8314484110036074  0.9452260278374627  0.8500504147017631 
0.9566712314249264  0.9566712314249265  0.9566712314249264 
0.8359948134530466  0.8594950182572123  0.8498754155199871 
0.9187332198578749  0.9285519628434656  0.9237992642003984 
0.9222486737731282  0.9640887264466229  0.9507842438143664 
0.8973794937492849  0.9222864562887846  0.9113806828093196 
0.9513752083657302  0.9599680976529243  0.9551887992299818 
0.9262330974426263  0.9262330974426267  0.9262329792357904 
0.9592613865192714  0.9680066338773561  0.9680063499070393 
0.9283645869465241  0.941904136491679  0.9359790894273018 
0.9433043660411846  0.949881327507056  0.9495003287773766 
0.8296437674863192  0.9378758624200342  0.9225533351404536 
0.8785686299926777  0.9628201827135956  0.9178660067870538 
0.9369219602209999  0.9677882309176707  0.9460336198364744 
0.9782740542414151  0.9827402083395089  0.9827402083395081 
0.8991312013198176  0.9117590195604705  0.9055197307212848 
0.9799128299937442  0.9799128299937443  0.9799128299937442 
0.9609347785146243  0.9782984023126639  0.9680956235986383 
0.9178014485004385  0.9458590302731527  0.9454425313185659 
0.8842745077366764  0.9369687155091975  0.9241257457022479 
0.9864676605672257  0.9864676605672262  0.9864667863727058 
0.8383192174328312  0.9231257574275084  0.8993574904135662 
0.6687520409200284  0.8248592244382649  0.7638549340056174 
0.9892093790106188  0.9892393176132549  0.9885854704226209 
0.8798511939853241  0.8999779314827674  0.8931728030137632 
0.9713310734100156  0.9787268002870525  0.9779008197951665 
0.9559690258198914  0.9559690258198908  0.9559691817733668 
0.9135867216688506  0.9447560688985321  0.9349935702910823 
0.9854058787384425  0.9854058787384424  0.98540627658222 
0.8986855464772759  0.900612678342831  0.8998802685017946 
0.9618695538547032  0.9689900351416046  0.968065126455797 
0.7352184824408854  0.8125483659090369  0.778714618854701 
0.9466859730669764  0.9820810779892206  0.9788455318050931 
0.9652935849506975  0.970107459305253  0.9687238012342008 
0.958906049452832  0.9630868026494959  0.9521579777585585 
0.7116912576899219  0.8454101392920645  0.8060332868338986 
0.9379994842558227  0.9584079785372038  0.958408579623854 
0.9635357982389463  0.98852522361931  0.9872636297333848 
0.9467565339238918  0.9618603697487575  0.9468188897485929 
0.9522304766776183  0.9716620213361029  0.968602397441938 
0.9467182219781539  0.9575781768291715  0.9517900616925367 
0.9803360315299636  0.9803364430548257  0.9803364430548253 
0.9592234712968043  0.9614018237472998  0.9614016307493739 
0.9861107131950809  0.9861107131950805  0.9857369042943956 
0.9275827468778198  0.9296805769273351  0.9296811714378617 
0.9082172777941359  0.9082172777941355  0.9082172777941359 
0.9600314466451938  0.9672250573901788  0.9650872933665948 
0.9641692761662136  0.9652798131639312  0.9647314917296738 
0.9248273402346256  0.9659978694941852  0.9561622898201658 
0.944012231402001  0.9726818863036483  0.9726818863036478 
0.9841856064676529  0.9864196830141553  0.9864190882724314 
0.6317867730394261  0.6949235682256486  0.6720281718171204 
0.9576078918207644  0.9584167150152253  0.9584174229136714 
0.957813995043545  0.9578131534537646  0.9578131534537649 
0.6537232512416877  0.8311219506103767  0.806368800664963 
0.9278701062332396  0.9371485163774175  0.9122738687086287 
0.9142924780157795  0.9199620034709048  0.9197184269318465 
0.9877589413845527  0.9877586774911021  0.9877586774911025 
0.897114625880093  0.9121862111726371  0.9051299995464097 
0.8726789831557707  0.8792782667374885  0.8780176730079214 
0.9615721884585883  0.9762616962237463  0.9703587623553959 
0.9442070633207106  0.9720643521527824  0.9616601355842592 
0.9427004863469061  0.9570860730692747  0.9570860730692748 
0.9725315382904552  0.9725315382904551  0.9725315172263865 
0.9525013638651771  0.9721553930827573  0.9648058976891678 
0.9456773045982573  0.9486403840628135  0.9486403840628134 
0.9402558479196212  0.9533041753311664  0.9489294100848921 
0.968367497163704  0.9832843396325964  0.9799077466871053 
0.9517895817741006  0.9778033382329665  0.9747021948464754 
0.8613780234513112  0.9269949122333833  0.8844124061776665 
0.8387573291189252  0.9051702946072037  0.8704041546365547 
0.9261511443251577  0.9361940788100337  0.927754217364521 
0.9751949932577101  0.9822957691043146  0.9822957691043149 
0.9394297229590375  0.9564272515387745  0.9469549111560179 
0.9554000615951941  0.9554003499299346  0.9554000615951941 
0.9216337108771041  0.9556236828033775  0.9396306062860659 
0.8548035789349528  0.9051884739757771  0.8844710497515464 
0.9723716764759727  0.9732015104929427  0.9732014962865574 
0.9415686191994665  0.9585161260016177  0.9466863036105785 
0.9764980053281358  0.9765602435359457  0.9756705484588832 
0.892766725882669  0.950136803610111  0.937036243827849 
0.9710625541088671  0.9710624701028666  0.9710624701028666 
0.9838453033085263  0.9852619574111041  0.9827397455928496 
0.9406918277313857  0.9639857734521746  0.9607904766860618 
0.965392575184057  0.965392575184057  0.9653926980579826 
0.8380163526178963  0.8423346341163941  0.8417629231315903 
0.9782196131630257  0.9813253741097396  0.9810036186026183 
0.9884305652146436  0.9886007777877773  0.9886007777877774 
0.9951149818148184  0.9951149818148182  0.9951149818148184 
0.9718267910297034  0.9845256612820384  0.984526305598722 
0.8844203545380064  0.9019137151397256  0.8851789977065567 
0.8229091643867007  0.9206137481848795  0.9141492576274406 
0.9804394002920738  0.9804394193334957  0.9804394002920738 
0.9760254890854558  0.9844839226368797  0.9794054659367291 
0.9844333442111803  0.9844333442111807  0.9844333442111803 
0.889944940817516  0.9501641739387795  0.8988750316671076 
0.7068022984654844  0.7342165985897763  0.7218881226683447 
0.8144092138049996  0.8967849031154822  0.8321440521660661 
0.9697889497356647  0.9764829307884629  0.9764829307884627 
0.9391270506654247  0.9583150304038306  0.9513237801469049 
0.951657108366656  0.9675527784622169  0.9450623136992815 
0.9483497787412272  0.9672546977443992  0.962260087404524 
0.9220411028055996  0.9231085392903684  0.9231085392903686 
0.9382712601328304  0.9398280351477801  0.9378835649876586 
0.9269402048749918  0.9372926938803132  0.9250280315257646 
0.9719663033754254  0.9762483069329676  0.9757433915986026 
0.8775798671508325  0.9517009147075551  0.9470629212262995 
0.9576302316004501  0.9895966386777741  0.9478554329680867 
0.9511541944246713  0.9689651841998829  0.9624259539464348 
0.9618994834725212  0.9708173980727556  0.9677045520489885 
0.9677158038677458  0.9803103058116505  0.9780362927573664 
0.9844895308843464  0.984489530884346  0.9844893392447207 
0.9675970307722517  0.984490507301202  0.9770473300651396 
0.9165835592430598  0.9265480426692578  0.8934191494946392 
0.9254870082322926  0.9400523130906678  0.9321848753994054 
0.9798057239221121  0.9827744066724036  0.9827749220707078 
0.9828754233301011  0.9878414006524155  0.9848522915644443 
0.9656221167058125  0.9765704968558722  0.9723208814336393 
0.6955699377375394  0.7408509409445763  0.7176360833316056 
0.9588937759867788  0.9607164615417162  0.9607164615417165 
0.8217452241039528  0.8419091062442814  0.8373639020039998 
0.965192227961189  0.9693847978700417  0.9693842343358696 
0.9808497682954458  0.9822536564822006  0.9689516426173154 
0.9502962702125765  0.950296368287164  0.9502963682871642 
0.991362154400129  0.9931101819875109  0.9927903621926493 
0.977726500373161  0.9788597957184778  0.9788592544275971 
0.8728974835573554  0.898703872424357  0.8971424920172321 
0.9732981863751037  0.9732979655379796  0.9732981863751037 
0.8707931837323843  0.9486186384073166  0.9110363428100163 
0.9315344467800668  0.9318954313181004  0.9315343786368538 
0.9276644231181075  0.9732444982405118  0.9669953308717972 
0.712547290802422  0.7933063152457732  0.7798696708083 
0.8458808984278342  0.8807264605792157  0.8691478213946139 
0.6300166191767587  0.7355974843431633  0.7221324493045932 
0.7895415340582116  0.7904169635576205  0.7895409500867853 
0.9532047993532576  0.9695991881841697  0.9618322013755735 
0.8786374958055277  0.9451307180486304  0.9361452830735094 
0.986460815988911  0.9867212572106617  0.9867212572106617 
0.9725751207342035  0.9736181501029832  0.9715393568741693 
0.9703852687163078  0.9778878893362284  0.9774031658718726 
0.83517647210465  0.8440760476565742  0.8366314322807126 
0.9615573522125695  0.9615570809393365  0.9615573522125695 
0.9768995550536904  0.9769004223529022  0.9769004223529022 
0.9294322597918455  0.9366413139184192  0.935447982743048 
0.9548551974155853  0.9624523251342659  0.9599249342806283 
0.9370851233498948  0.9571375780483056  0.9497740987821385 
0.884192601410328  0.8950740024224761  0.8936772553148428 
0.9226216554507415  0.9386345981119987  0.9322574879082909 
0.9639206308450208  0.9658695451342649  0.9658701677960041 
0.7247874075392172  0.7842482346768695  0.7523799040146707 
0.8048336770671104  0.8581225277610909  0.8354947370008868 
0.7795265616098621  0.7875824112838596  0.7869203151790388 
0.9359440120260903  0.9539231278997495  0.9539231278997491 
0.9423934035958739  0.9676286503164473  0.965212338458787 
0.9054188581732402  0.957940960084289  0.9551560523141345 
0.9628451608185261  0.9769637799212475  0.9696799232358457 
0.892472978478464  0.8950372965380882  0.8947584977378277 
0.9398069366251495  0.9733124439958752  0.9619794343936507 
0.9750330415241147  0.9865742700376254  0.9781913302569629 
0.753919963074834  0.7689460558993181  0.7552796455239952 
0.9133518405740534  0.9784611094924247  0.9614180140279978 
0.9322422535595064  0.9591259309936927  0.9304889780945523 
0.8700422574293833  0.8807175700281681  0.8682030147823042 
0.9842504557024743  0.9846500081337797  0.984650116073198 
0.9193912571496745  0.9355586444103438  0.9186290551313036 
0.9624019304116533  0.972124193110478  0.9713260230224591 
0.8988673902309136  0.9459797979655261  0.9227327213698483 
0.9298737635039992  0.9305586206961586  0.9305588835700497 
0.9325985606192765  0.9432467030421858  0.9412674394274789 
0.9728639726034072  0.9731427753512738  0.971427980276678 
0.9271476527265243  0.9271475038570525  0.9271476527265243 
0.9711998795986616  0.9754712338669539  0.9743786769298467 
0.9593628439807084  0.9892588718372958  0.9790519895964825 
0.951513065685504  0.9573585372365225  0.957358537236523 
0.9495477161346951  0.9561051174503887  0.949508729009901 
0.7867187507826442  0.8467114715761611  0.7753400277488407 
0.7430904288890892  0.7629357812844302  0.7555533537823517 
0.9096010545840355  0.9408638031615748  0.9185957794011491 
0.9613288474359535  0.9614218477111954  0.9614218950335426 
0.9422883069478638  0.9759580198227458  0.9664664844871415 
0.9369363647307248  0.9383415387429888  0.9373444474596965 
0.9301718688010175  0.9668346268555074  0.9634132093173716 
0.8868188822765395  0.9296225588514562  0.9248646195316048 
0.898015192570927  0.9411790590868657  0.921228772052152 
0.9123916057188298  0.9137962636702464  0.9135796445846428 
0.9191666465838526  0.9191668498393599  0.9191666465838526 
0.9500019291612861  0.9501612725868886  0.9481292156114638 
0.8076974358435367  0.814117107438119  0.8118236198203089 
0.9171490874635881  0.9439155687142834  0.9431300686208621 
0.9755827182273489  0.9814074136415958  0.9767775086811699 
0.9373385332939532  0.9603208578997648  0.9603208578997653 
0.928150660799774  0.9494765445099294  0.9422725635108656 
0.9563529942542831  0.9595562567074739  0.9594556015509224 
0.918650683025332  0.9241183703710384  0.9241183703710384 
0.8515152655281318  0.8730862023373424  0.8676932345060375 
0.9704993416255288  0.9704993416255288  0.9704992390893428 
0.9036685011579507  0.9128857638560225  0.9098189621713617 
0.970727769043669  0.9711610523746521  0.9711066728192903 
0.9102730838403643  0.925501465124201  0.9255018007931456 
0.9696596726723002  0.9760550608724609  0.97429170590036 
0.9370252288588278  0.961219005516213  0.9469551798188884 
0.9677857983154284  0.971894120819202  0.9696972994537005 
0.9736172160060057  0.9736167241767217  0.9736172160060057 
0.9014983342052233  0.9067842860274226  0.9066154572632019 
0.9851684248698804  0.9851684248698807  0.9851684248698804 
0.9883623867753156  0.9883623867753161  0.9883623867753156 
0.75180236567818  0.7628272565515517  0.7585029887761486 
0.9739745163769973  0.9741520250193625  0.9741520250193629 
0.9553353106670555  0.9719507174482858  0.9658358675072574 
0.9763947084682768  0.9763939160710926  0.9763947084682768 
0.7908890208475088  0.8690388573890215  0.8029502238105493 
0.6675343007432654  0.6694011292929621  0.6685407424895031 
0.9630148773309042  0.9674188731008855  0.9657954088202897 
0.7931742282856389  0.8091037972672697  0.7978371657539655 
0.924616992113251  0.9246173875396749  0.922732980981941 
0.9407461224962959  0.9851180171865634  0.9810986702460895 
0.8647352562833978  0.8699275607208072  0.868576354434227 
0.9911939864035827  0.9911936221437958  0.9911939864035827 
0.9345305469877733  0.9404834751000727  0.9384137233960981 
0.8536904128570791  0.8823745063407461  0.8769507257058449 
0.88111447386074  0.9783098381972042  0.977331368569217 
0.872628167157586  0.873132018127324  0.849757805162859 
0.8680958190481505  0.9107072023655001  0.9039117826775741 
0.9541846647163276  0.9581726236200647  0.9521942929348621 
0.8637416864399353  0.8833201293363353  0.8715476309847697 
0.9784483823399106  0.9784481607514929  0.9782629392097004 
0.9620690768827288  0.9650277963494363  0.9650280905585742 
0.9209496873552723  0.9608640034490453  0.9478730637635204 
0.7054801263097813  0.7119499642610014  0.707815374862647 
0.9828258765037629  0.9837230363727455  0.9837230363727455 
0.9092505110924318  0.9630302845607269  0.9508784237077167 
0.9259954082685111  0.962310071004061  0.9577593782579277 
0.9054684900430425  0.9063707563897274  0.8961341870622299 
0.6603190233423745  0.7890703542576352  0.7524917453685722 
0.7917135982993624  0.8984338783420386  0.8628284733033443 
0.8665782581567784  0.8994057939723387  0.8825008673464169 
0.9425872514083575  0.9425866098373415  0.9410854818029376 
0.8569185224038478  0.8708206098831686  0.8557053187813064 
0.9428885950283273  0.9490186820198782  0.9447420325112011 
0.931597302844344  0.9335604957921214  0.9332841771771454 
0.8815076263031745  0.9169899734068525  0.9098114954762059 
0.8981633769627421  0.9174083476780462  0.9155939558518219 
0.9371445389923008  0.9414040833851689  0.9403994841010207 
0.9871747426500377  0.9871747426500376  0.9865964590238262 
0.8986536787647473  0.9850088340274487  0.9795100519464512 
0.9529510524473483  0.9563271805217943  0.9563276593815264 
0.9861155594368323  0.9861155594368323  0.9861155594368323 
0.9723646092215638  0.9733623112309786  0.9732985918013854 
0.9705744333735259  0.9805934422856006  0.9732904040749103 
0.9895497335711539  0.9895491834130021  0.9895497335711539 
0.7619072620527931  0.7631927471853961  0.7631927471853958 
0.9445757151078077  0.9859422851097349  0.9756128928673339 
0.9832289379460522  0.9832289379460519  0.9832289379460522 
0.8417188226016438  0.9154505497995483  0.9124041125997812 
0.8140449437241003  0.9198715883588651  0.8768881752383723 
0.868260305597274  0.9537267083282095  0.9484777604021288 
0.9057993138080326  0.9309077463226892  0.9071974441186432 
0.9824114703741135  0.9829601552364163  0.9829604037791826 
0.948439441093997  0.9683659051603144  0.9673560699288447 
0.9906345426878432  0.9906345426878429  0.9906345426878432 
0.9517524449313288  0.9589625031874881  0.9589633918162097 
0.9607102250131097  0.9718976707011409  0.9666364136369534 
0.7659460312045943  0.848099748064074  0.8278829252759753 
0.9571796443750087  0.9710709230031419  0.9708251569141091 
0.8711013834938258  0.9372098810673066  0.9007418483654466 
0.9742163740470937  0.9783125481212434  0.974505839723512 
0.7423386383342728  0.7856553979825548  0.7694719638823653 
0.9465667815013803  0.9510257954176771  0.9504263706892082 
0.6729335417795389  0.7337745183423416  0.7229923246173501 
0.8296060646200498  0.8681611192093425  0.803815299387976 
0.7993610692704437  0.933424145593866  0.9012672837220308 
0.9903119009013659  0.9903631941122923  0.9901912000502103 
0.971665491706125  0.9723283010188807  0.9723283010188807 
0.7572468190344358  0.8040969170102934  0.7846143693092402 
0.825060545138347  0.8709048818929724  0.7709459412322816 
0.9716632529818174  0.9716632529818169  0.9716632529818174 
0.9835686098614533  0.9861210049131267  0.9861202297129114 
0.960640624431238  0.9609775175505967  0.9609775175505969 
0.9688210083549308  0.9707187350912903  0.9707188696036535 
0.9701244295969033  0.9739052479330872  0.9706442780768362 
0.8711566176741182  0.9476339221883183  0.9083871757857197 
0.9576010756106048  0.9671440345403796  0.9661396967479573 
0.943053993975125  0.9756915823171617  0.9693074525144618 
0.9685046871856009  0.9705285073546486  0.9705285073546481 
0.9358594491126933  0.9365973270680717  0.9365973270680715 
0.833056163933569  0.9186247001435744  0.8904780578531691 
0.966837236635713  0.966837236635713  0.9668371383858424 
0.8755168199597209  0.9388084955890588  0.9071914989476497 
0.856721613608009  0.8621617406309475  0.8621500644500116 
0.9004076137768501  0.9718641221060351  0.9594602971815988 
0.8521033464047874  0.8592645015380799  0.8497993445428055 
0.9658926507540362  0.9658942537388377  0.9651660607993453 
0.7699003598097449  0.8776889615283121  0.8668349467939216 
0.9124650733622944  0.920181198760299  0.9150284302410874 
0.876774227993311  0.8932803314802064  0.8859265612550161 
0.8113546937541155  0.8378235820316486  0.8157673038091181 
0.9767158018560456  0.9825310343836542  0.9792930998651136 
0.9521108803728777  0.9702068872319269  0.9624271151479823 
0.9887909751226289  0.9887909751226289  0.9887903671424624 
0.9369125067662121  0.9401287208704259  0.9393900288855975 
0.9836509578069531  0.9836507796529315  0.9836509578069531 
0.9792488687268057  0.9833199551707072  0.9833200747177745 
0.9775840283579404  0.9788547201032239  0.9788547201032243 
0.7451739218257656  0.7467569846723949  0.7467239346202641 
0.9450245957823246  0.9466012433389761  0.9466012455735362 
0.9438206637355702  0.9635375669366016  0.9546109494477769 
0.9179848739053011  0.9752075450455473  0.9684224978267114 
0.9791437261138384  0.9833380678245854  0.9791437261138384 
0.8969872492064567  0.9728631315608617  0.9521052292075981 
0.8582282239870979  0.940674149896083  0.9247666420368661 
0.9652660896631954  0.9686230305586179  0.9683394561265999 
0.8886595337987886  0.9455836240870908  0.9280434627094586 
0.8497397070140782  0.9665998509059034  0.9356089585396187 
0.9256109401288497  0.9530536627038734  0.9493729769251685 
0.983370768959712  0.9833704829351961  0.983370768959712 
0.9660704052304426  0.968148568517982  0.9650746347311588 
0.9346144533321163  0.9752355559218867  0.9675764707862698 
0.8279451200300487  0.8775756686454447  0.8412202392739246 
0.8267602524535584  0.8928617745625149  0.8684761119617718 
0.9770110596611338  0.9782553983492778  0.9782549970544763 
0.9240403095722224  0.9324391114847611  0.9289883765205268 
0.9347356048225304  0.9408462651081073  0.9393714350916322 
0.7371571779912905  0.755243379319542  0.753779019614079 
0.910465951547495  0.9176536217034216  0.9168203955300079 
0.8694389327008478  0.8713777430697651  0.8713777430697655 
0.9685815000234345  0.9715886792828387  0.9685192858969198 
0.93743977866543  0.9682226547701671  0.9437606027934832 
0.9257301474674163  0.9561785527335238  0.9411724966883357 
0.9156784501726032  0.9156784501726032  0.9156784501726032 
0.8067255145845862  0.8399029198218136  0.8279315679933599 
0.9484404994513641  0.9683448665937507  0.9357426199114431 
0.9657348747854095  0.9690210557957191  0.9681078577360039 
0.9804752534477003  0.9804752534477007  0.9804752534477003 
0.8178190474845833  0.8254520512827682  0.8120129007285547 
0.9609686916250131  0.9641827225252956  0.9641825183632002 
0.8992978079294043  0.9368283340574096  0.9031297270430815 
0.9761718742924534  0.9761718742924532  0.9761717643882817 
0.940789183804125  0.9479499792561682  0.9113050372086035 
0.9432170717605689  0.9724872545113094  0.9607616824179732 
0.9288757982509223  0.9289823625898699  0.9285290386557482 
0.8871735164865393  0.9692392066815948  0.9634535666445557 
0.9177893966469888  0.9238003663348939  0.9119711547391105 
0.9077102297721796  0.915932172124299  0.9159315546132939 
0.9077120891318184  0.9090012547360424  0.9077120891318184 
0.9749092224727764  0.9845500804632848  0.9818862782278248 
0.8514649789864683  0.9020583390190479  0.8665659879887773 
0.7152411182461256  0.8298232650094063  0.820757728726941 
0.9897845156704086  0.9900424116038476  0.9835758826758726 
0.8639872614016709  0.8836617343596559  0.8760658845664282 
0.9239063114303849  0.9498263264299854  0.9476699840938525 
0.8409817800165914  0.8479080968372417  0.8467242286555505 
0.731138991616352  0.7927068969720961  0.7742374997211723 
0.9440638847801321  0.9493011498768319  0.945243563092335 
0.843653111400598  0.9364899628595852  0.9267098043397792 
0.953384083222707  0.961587913169636  0.9615878549084049 
0.9783863089356514  0.9922279735955682  0.9862200186818949 
0.9594289199786069  0.9735200176329107  0.9611791278745458 
0.9885976783869869  0.9885976783869869  0.9885976783869869 
0.9596540967366639  0.9635354487670591  0.9619414188313823 
0.9357838702535807  0.9645241016694054  0.9396996342411235 
0.8318941373676282  0.8891409310225913  0.8711789946351163 
0.8127506416341433  0.9215549550871909  0.9183723726482984 
0.9377596028752866  0.9796290456620071  0.9727458176340481 
0.9121889094120064  0.9622000514161044  0.9067242883285259 
0.9753842359755441  0.9753838456405698  0.9753842359755441 
0.7791738688115701  0.8750883833813446  0.8524605430086714 
0.9895230465701614  0.9895229460685152  0.9895229460685154 
0.9646320422877214  0.9743475427132487  0.9699907860124268 
0.9642238894575987  0.9654445419315019  0.9654445419315014 
0.9329538055292496  0.9533329758180997  0.9533325463184369 
0.9276435719262391  0.927841272119622  0.926949935623451 
0.9460845433915009  0.9900885680053466  0.9776025484344882 
0.9012198327547472  0.9337745274267173  0.9296490052129874 
0.6814295363548456  0.7297400861478902  0.7065579984566552 
0.9502890049460047  0.9538471461509228  0.9537541812563837 
0.9316565120143763  0.9668379058120803  0.9216097526486875 
0.9013694196018274  0.9340274093492836  0.9053860929190882 
0.9892319585041116  0.9892319585041116  0.9884990683434869 
0.9397409928146064  0.9403109895923571  0.940310989592357 
0.9690111700156057  0.9692337682265051  0.9692337753392626 
0.9198276307806686  0.9764251257755655  0.9375594219954667 
0.8144903673443696  0.882407661043914  0.8750698641772038 
0.7630907714337458  0.8417333714063212  0.8192054408089208 
0.8593670026727905  0.8702545419346548  0.8666371677621189 
0.881963571179194  0.8868067774317036  0.8754376759806234 
0.9677416887134193  0.9763884964034456  0.9714450586265304 
0.9768244496026673  0.9786605533931575  0.9775720775550889 
0.9632257927830215  0.9830078983353554  0.9804794826302622 
0.9719830419854941  0.9827746275378576  0.9827751196591713 
0.927752401807066  0.9455956479278487  0.9368461484448986 
0.9368462017801497  0.9499312114364045  0.9458662638884301 
0.9261586082894927  0.9635194652986968  0.9585067676020135 
0.9017812248919307  0.9257652726943953  0.9173739734419568 
0.851313949159096  0.9455106827330421  0.9305929913455833 
0.7889069143180044  0.9129346220934645  0.8520617284166203 
0.9874234608554655  0.9905511686787518  0.9905499352586651 
0.9200747633108604  0.9374053475067003  0.9293782960693365 
0.9743837369153768  0.9797981203565149  0.9797981203565149 
0.89092605226143  0.9394698704687187  0.9221905839371496 
0.72143190220222  0.7476395779266611  0.7412489842900585 
0.9135041316451351  0.9797058231965775  0.9617199286077469 
0.8909499522301362  0.9407187493835245  0.9267126691776361 
0.9582840875421413  0.958592115480895  0.958578880950366 
0.9764719214398486  0.9771322429925907  0.9771322429925907 
0.8395490717113747  0.8945104125680644  0.8615378997968931 
0.9529414361444847  0.9917785958170333  0.9860177965523477 
0.7193987194802653  0.72277732143447  0.7207035536228181 
0.9659363191601711  0.967728444498496  0.9567846931794167 
0.943596556522031  0.9503421807386858  0.9448202399192469 
0.8698784440042255  0.9164035890667837  0.9080781861822506 
0.9047972100761277  0.9533581390183985  0.9446249438494483 
0.9821685327993057  0.9821685327993058  0.9821686321011066 
0.7989670102749108  0.8744458420834007  0.8302263048482826 
0.9578727561517215  0.9651131875934811  0.9607027785700077 
0.8348960584634648  0.8548526942329805  0.8512510220063098 
0.8336738803749983  0.860347525426554  0.853786467725288 
0.8259987211285423  0.8659721600849016  0.840458855336965 
0.5788146373968391  0.699257594445337  0.6883832854488957 
0.9208284802357481  0.97031331455153  0.9500295007170922 
0.8948322768536352  0.9711877892382329  0.9670459730919604 
0.9222059617801434  0.9354854883026844  0.9354857535221225 
0.9833818929067755  0.9833821256301151  0.9833818929067755 
0.9774783350626454  0.977479206181557  0.9774792061815575 
0.9661981497369205  0.9786872370709027  0.9782523234860544 
0.9729907946492784  0.980455108849895  0.9740356539136525 
0.8175425346627199  0.8746690286252771  0.8502881293264293 
0.9669728496979598  0.9710667141035428  0.9708056679659433 
0.9263060870795247  0.9714477594916456  0.9228595746145641 
0.7843443787586146  0.904338811622778  0.8835352066030641 
0.9722659702496285  0.9827391834136899  0.9827406161784974 
0.6526400858711924  0.8620360637706294  0.8314394009765258 
0.9343981574495942  0.9769503342390925  0.9471555057655372 
0.9717807293945586  0.9729722074878258  0.9708698211254321 
0.9538971060342449  0.954499890980877  0.953781082741138 
0.9890309176259078  0.9890309176259081  0.9890309176259078 
0.9527808682538615  0.9590577513720951  0.9541353147692706 
0.7454922908739855  0.7687503851223222  0.7393260873798452 
0.892513666448319  0.893804675421302  0.8938047062262677 
0.9088214459705707  0.9088214459705712  0.9088214459705707 
0.9010892217087929  0.9198797824017323  0.912256301115023 
0.9348615742201786  0.9561111579297963  0.9348276582241347 
0.8468182112987503  0.9394054036673202  0.9126266741280604 
0.815658867782979  0.9439826925008085  0.8819109241380098 
0.7163620387298562  0.7859389212168976  0.7472550174083603 
0.8944360938739098  0.9537586692181784  0.9424376961395771 
0.9639913092908583  0.9656565751987408  0.9648894395816507 
0.9105131878962014  0.9429009679669785  0.8619135874092348 
0.8358446726845485  0.909872692940323  0.8250396101676291 
0.883234948090352  0.8850768872271972  0.8850254457942457 
0.9603317993038857  0.9689586349182882  0.9686433272810756 
0.8882397684058652  0.9458641332439884  0.9131924050935225 
0.9751997971523368  0.9819159366912388  0.9806243692392882 
0.9213537040426076  0.9333155417225985  0.9282691571381299 
0.9062777029419041  0.9380933072716622  0.9329438521275486 
0.7645703246964054  0.7786478443421958  0.7727074836413224 
0.9364437353719971  0.9748103045532828  0.9744575169753812 
0.7836607076060943  0.8104924141614976  0.7841225799648044 
0.7326154690519113  0.9618698377170897  0.8766971717878569 
0.9168644260728674  0.9695364873969797  0.9684519874134349 
0.9087885802049158  0.9712612497048605  0.9588506978871896 
0.9867565727321673  0.9867562934520201  0.9867565727321673 
0.9612898054777309  0.9805787218503611  0.9769164358006627 
0.9338567674274796  0.947926834679411  0.9397544879334022 
0.9348720090661892  0.9512522059799341  0.9256498980200941 
0.8512394255365505  0.9365567409159524  0.8557440920135931 
0.8943298663568658  0.9358624607364038  0.9080511993928901 
0.8430710275821044  0.9245590032415527  0.8791346331524429 
0.9703623967185057  0.9722050717129566  0.9714341702909968 
0.9344801403632389  0.9734977925029289  0.9718990525379946 
0.9821644732040875  0.9830520848614639  0.9830508145289975 
0.6444854508680913  0.6730800184914997  0.6688161691191035 
0.8106782360926119  0.8581969158753462  0.8298126280444366 
0.7772328066015805  0.8851870143753219  0.8634158178955854 
0.875144484425536  0.9714846499274826  0.9328950443650623 
0.9443524413645897  0.9540308286922182  0.9357128181877202 
0.9807624847428715  0.9807624847428718  0.9807624847428715 
0.7898639996519063  0.9703096085654808  0.8962180771146786 
0.8411416806395524  0.9270284417930432  0.9232478296855311 
0.9318847794371643  0.9497490654291254  0.9497494265020491 
0.8282629900408427  0.8887451962538278  0.8763086833581837 
0.876878193319917  0.9176392516439612  0.9175035911128921 
0.7652783183116297  0.7998388119097254  0.7839068806192342 
0.9473739619506032  0.9561980042422145  0.9544782640067687 
0.9269376924263717  0.9517621398169505  0.950496428425204 
0.9318066603149626  0.9543055385641628  0.9506666356620229 
0.9697527501568709  0.9783965692846444  0.9751609928010825 
0.9170206859796842  0.9601108163144161  0.9392473561843371 
0.8129222926533382  0.8993213024758312  0.8832901548493577 
0.9560137228269356  0.958269657205369  0.9576655982539792 
0.9465602295062052  0.953249209107532  0.9532492091075326 
0.980011223779556  0.9800112237795556  0.980011223779556 
0.9581972514025858  0.9589866781789753  0.9516486651645956 
0.9136711774549988  0.920352834526645  0.9190654397103691 
0.9352370836299655  0.9376270311141621  0.9376270311141628 
0.9712003661255962  0.97628339016631  0.9762831644101383 
0.8042892276952748  0.8816302833463258  0.8472015741791162 
0.8342441937713072  0.9586259513926056  0.8567790844010001 
0.9107405629863651  0.9623534304382098  0.9498456635882152 
0.9874626547403536  0.9875219352598918  0.9870977293288041 
0.9770922517796528  0.9770922253276786  0.9770922253276786 
0.9488815971535527  0.9674779731481862  0.9468274943628244 
0.8464265234997151  0.8876920064528316  0.8221898554961787 
0.9486550255111162  0.9602127497576108  0.9602127497576105 
0.8204967507390735  0.8483052262644271  0.8334990014762096 
0.9758659418998004  0.9767217831626461  0.9767223757796449 
0.9744847422171097  0.9780511109549073  0.975854666482415 
0.9401028401214822  0.940102782045903  0.9401028401214822 
0.8060961855579121  0.8191986468029381  0.811181458030366 
0.9749627903000181  0.9763015101093022  0.9763015101093022 
0.9535029224304244  0.9698896949477368  0.9580365406661902 
0.9217366221670793  0.9217855975493585  0.9204663369845993 
0.9096585367456311  0.9096585367456315  0.9096583651467727 
0.9807001219275303  0.9817730609906162  0.9807001219275303 
0.884128944817266  0.9496483143049219  0.9419870372689004 
0.9877337671023584  0.9880787758358315  0.9877339625404339 
0.944496007204556  0.9678849371758691  0.95735095131304 
0.9475131728868358  0.9693970879404787  0.9645328640330495 
0.9823728871020844  0.9848425554811665  0.9839781552211133 
0.8168814629515512  0.8186882306942939  0.8186882306942938 
0.9598597228205225  0.9598597228205228  0.9598596432383872 
0.9723556865634095  0.9743730880356157  0.9742095280117422 
0.823028652023239  0.9156722205742309  0.8879239251193158 
0.9864452357754145  0.9884986877988362  0.9884982420976207 
0.9840655867900199  0.9853243640992533  0.9775980195498368 
0.8831109008072181  0.8839136988029278  0.882943453009927 
0.9696350578074189  0.9720327397460936  0.9716035826659289 
0.9663885900523277  0.9719384286831775  0.9719387148134394 
0.7840028145277294  0.811215608678628  0.7900604817176912 
0.9233955454317737  0.9618132604744607  0.9615907954278263 
0.8980542102427679  0.9577597076866028  0.9442614024591258 
0.9355882926644112  0.9533307721033996  0.9526018186275806 
0.8346461832844434  0.8936422219148725  0.8819127756130509 
0.9466119738678217  0.9495457402312797  0.9495457402312794 
0.970220248794354  0.9709864678971418  0.9705843607548714 
0.9775730951088328  0.977663770423404  0.9775734410591363 
0.8040295868835885  0.85058114011764  0.8409429256904881 
0.7570509525187509  0.8996129620079408  0.8555733093807316 
0.963948493054791  0.9683343818096051  0.9683342270210468 
0.8000288252279499  0.8873881369757712  0.885990729762358 
0.9829269379118948  0.9857151506091852  0.9857151506091855 
0.9625203894725829  0.964445651415828  0.9625203894725829 
0.957805744001634  0.9639000108746192  0.9639000108746189 
0.9553458580673843  0.9712130242323787  0.9584105628073942 
0.9715975005332542  0.9715975005332544  0.9715971756408235 
0.860125550707733  0.9037115982686023  0.8980517525092759 
0.8939582940856204  0.8955176577484923  0.8955177048577933 
0.9025613831932356  0.9040216040738597  0.9036623722507172 
0.8204145719576452  0.8860803847380538  0.8712607528039885 
0.9039664555046507  0.9517966019152018  0.9453324187893821 
0.9751698789243677  0.975169990617525  0.9746636996297008 
0.5374543347303548  0.6340082185546269  0.59239990767682 
0.6296030634520835  0.6380913128372693  0.6352858309569246 
0.9662926653496176  0.9724317633296213  0.9719300140036224 
0.9005839276449703  0.9208271678171063  0.9047937986085361 
0.637290943483207  0.7566575717094209  0.7175435612534706 
0.9344891745436473  0.9358178816316859  0.9327639714997559 
0.9882413732124341  0.9882413732124341  0.9882413732124341 
0.9390657706355722  0.9490804283345025  0.9416390882948973 
0.9418466117940548  0.9566305128442001  0.9489506811375189 
0.8905583731372834  0.9284530826013304  0.9266426734341449 
0.8503327116275217  0.9380550047256082  0.8990845968561539 
0.8853090744271535  0.8853090744271532  0.8853092943001326 
0.8837558199295557  0.9573881820534608  0.9417970907440789 
0.922397585837935  0.9583584209564943  0.9134190879637378 
0.8583937586486055  0.9526613629496269  0.9309311697835483 
0.8842106592415603  0.9246615790281003  0.9137502729468436 
0.9646876932662592  0.9738636415598325  0.9710041186527221 
0.9814090320811351  0.9817375199941715  0.9783367140166932 
0.8957459251739346  0.9689715869956088  0.9602426676695881 
0.9248276904987323  0.9737575158015055  0.9477621209724091 
0.9562319305978267  0.9699583643541716  0.9678543693699804 
0.9302761501333623  0.9715417004409701  0.9672477867828372 
0.9491496462708391  0.9492615050528027  0.9492615050528026 
0.9289878690180745  0.9620902877023724  0.9577975000974716 
0.910182968225047  0.9317576133478568  0.931756226405164 
0.8259796795758084  0.8690524105291653  0.8597133348852598 
0.9080984347780651  0.944832109361759  0.9321629648165309 
0.937884566075561  0.9412387478969988  0.9410199656684086 
0.979156041605273  0.9802920852148499  0.979156041605273 
0.9052819373666617  0.9132369055606487  0.9082525604448768 
0.9558436533731134  0.9579809018757005  0.9579808518403375 
0.9563240728945536  0.9687595583364532  0.948903326044757 
0.9793162605919399  0.9797395739270462  0.9783429485152125 
0.7388922591352144  0.7401055013961808  0.7393774156907923 
0.9674276312456564  0.9691231867262475  0.9691231867262473 
0.9531147967309217  0.9622648206755819  0.9608282067116005 
0.9470550401130018  0.9546220156646298  0.9530160613123203 
0.9623874571067735  0.9739829557867988  0.973982955786799 
0.9544716023555081  0.9558935064401642  0.9558935989414561 
0.8670138231738914  0.9223591905324517  0.8893949837029113 
0.961147111323544  0.9663888058998197  0.9545485559936197 
0.94672003793325  0.9669278024461683  0.9669278024461683 
0.9255748156268775  0.9330678118189841  0.9304344059940386 
0.9909091367124014  0.9909089563326281  0.9909091367124014 
0.9560052116239783  0.963609852222573  0.9624043996913034 
0.7996981269608985  0.9296182155161877  0.8697136764090777 
0.9001736627577448  0.9122653982997733  0.9070428823932972 
0.886959357807806  0.9193217871644199  0.8898475137844885 
0.9474673176747375  0.9679471324363302  0.8780893544367702 
0.9381560008521908  0.9612370272740766  0.9531360565550722 
0.8767087355492476  0.9432647451229643  0.9398984300728325 
0.9134375659131302  0.9501954993019027  0.9343693345182557 
0.8321536411918102  0.8522625712680463  0.8496422566614871 
0.972636791782187  0.9729153697185197  0.9728772414382258 
0.934163865922752  0.949941788875786  0.9429789638902859 
0.919896293139333  0.9429530588308901  0.9375277235796828 
0.9586444995783591  0.9589548554484743  0.9589401449148212 
0.9578590148139695  0.959759165613206  0.9591977813666944 
0.7643142937888494  0.8096083790991848  0.7912703718969022 
0.9671680080972174  0.977077662187643  0.976180189303711 
0.961554297333772  0.9654930983658128  0.961660765518348 
0.9196551268640578  0.9327953949616157  0.9254668097058225 
0.8672573823855604  0.9376096555892176  0.906981047732815 
0.9694205551511004  0.9694205551511004  0.9694205551511004 
0.928867680719911  0.9373308925109659  0.931774216117015 
0.8926191876341398  0.8947786968205169  0.8947787245205954 
0.9499949098183557  0.9558380103001369  0.9526899763931848 
0.6505868674125559  0.7407145011828541  0.7270241195827092 
0.7804361483714517  0.8177677699786894  0.8106011364590012 
0.9705529903495067  0.9705529903495064  0.9705529903495067 
0.7764264938161839  0.8219362123622584  0.8076089477870955 
0.9830386722101622  0.9831681349815299  0.9831681516556191 
0.9500218448456892  0.950089411177697  0.9500218448456892 
0.9495265745875102  0.9548211635271324  0.9546551774202089 
0.7974311207479202  0.8151079583292444  0.8125139084224802 
0.7937786610687728  0.8849792930951123  0.8399939271058989 
0.9213090126073428  0.9244896481159022  0.9238691592006902 
0.8525366612676665  0.9739193711988098  0.958447094557692 
0.8862817968762947  0.9162565094715238  0.9113858021886577 