0.9872850207855095  
0.9802083508748164  
0.6120945908406054  
0.905480348600215  
0.9477384594058232  
0.9430992026229452  
0.9674214417226306  
0.8400870044587582  
0.9812000672468995  
0.9864277538295413  
0.8843638635899922  
0.9391172434767383  
0.8569688468635348  
0.9551591926851875  
0.98505992872461  
0.9587488462064336  
0.9788685735825485  
0.9348425063060928  
0.8677179241939363  
0.5312153449123859  
0.9782066544146155  
0.9499904436649762  
0.9603427945177825  
0.9823788000772314  
0.9207150713140189  
0.9539964741652233  
0.7621470325488277  
0.8086289696021025  
0.8540105055213177  
0.9653702896712609  
0.971748300141261  
0.9344329008046633  
0.9569554482852966  
0.8298414965867913  
0.9329361875410689  
0.9593970239314098  
0.7602695558055871  
0.9565751217655527  
0.716167014609302  
0.9465043896531836  
0.8849193811240668  
0.9243401322386651  
0.8845098915206924  
0.9146960939176486  
0.7879995603398077  
0.898280627851138  
0.9723381592879795  
0.9074483357837032  
0.9468672478809076  
0.9110896999369714  
0.9562880618890837  
0.9745969618254015  
0.9815429533916875  
0.9336359107577921  
0.9387518031176796  
0.9396989682070749  
0.9672456725904174  
0.9234688116251463  
0.9214764229898358  
0.8910521045767634  
0.9203321652767634  
0.8827260386833017  
0.9260891988957051  
0.981385726872573  
0.9213586604854733  
0.9639280009377498  
0.8552642538540361  
0.8559154873928424  
0.9122666253869279  
0.8563761826602242  
0.8673237847589425  
0.5622051041687384  
0.9646724169073448  
0.9312422516415868  
0.9168619791642769  
0.9727256878871198  
0.9206086519426536  
0.9495881601119359  
0.9845058409844356  
0.9308977135754511  
0.8096466630653104  
0.9777373646302425  
0.9761207292710806  
0.978240443896909  
0.904243043174795  
0.9728976923077804  
0.8417584716004497  
0.9556189815690849  
0.9600564292299834  
0.9913358482894491  
0.9714840392155001  
0.9376302173204459  
0.9104013684882947  
0.9881509728170391  
0.9737797675368055  
0.8604413809433067  
0.9511521046530732  
0.8423655220695857  
0.9429051365697286  
0.9778721577172541  
0.9637766290930369  
0.8842472513785792  
0.9868934799058733  
0.8663088105079911  
0.9746023526647546  
0.8873096656173134  
0.9266301433196438  
0.9510261188239121  
0.8068584156970974  
0.9388299745571398  
0.9740039985447824  
0.9706722277611037  
0.7647520807553702  
0.6466404738649174  
0.8246012670765486  
0.9836698484753812  
0.977407943104286  
0.785188041623529  
0.8002445935267931  
0.9762427137703609  
0.6541470661560838  
0.957359658518137  
0.9231625757128205  
0.9150814292229931  
0.9646152921479405  
0.9280554693768623  
0.9610061260107048  
0.7310031741261706  
0.7910879241846128  
0.9710936070976526  
0.9157990223977998  
0.9495478388841435  
0.9385702131645378  
0.7452254518655416  
0.9149930203191441  
0.9309219210896479  
0.9275516166617477  
0.9644503928619431  
0.7944704645823226  
0.7324176329439306  
0.960898957692285  
0.9702338105369984  
0.9702864524220569  
0.9462544745247132  
0.8851671852736481  
0.9039909707786432  
0.9653751482887857  
0.9877768982144115  
0.9595180377648206  
0.9733307184217017  
0.9676744932700038  
0.9561547208908092  
0.9497399082465907  
0.747749750321937  
0.8783176241267592  
0.9752769968331171  
0.9554573660513964  
0.9513016338908954  
0.9326920459363175  
0.9145111646911743  
0.7650013091338019  
0.926700978346724  
0.8713821035757076  
0.9224967257679246  
0.9275482601330184  
0.9429488976081954  
0.9660131492193498  
0.9774309174896242  
0.9720362022031067  
0.9460328937795212  
0.9443327983686761  
0.8949062745482931  
0.9560385605467202  
0.9178475069139309  
0.8278110134452192  
0.935460329341872  
0.902870706162317  
0.9155841821996371  
0.958901567893809  
0.9797525228430812  
0.9851928791447278  
0.9748106884154646  
0.9746876492901329  
0.9929292565306812  
0.9617581217015629  
0.9341402980167377  
0.954246449104203  
0.8597691052710854  
0.9779823577445449  
0.9391166603363889  
0.8731895794355936  
0.9187466854657539  
0.8764523852193886  
0.9340474446508381  
0.9322232376384114  
0.8865480708641186  
0.9188146575668149  
0.9302116981146774  
0.929481199689635  
0.9579767417476647  
0.9181382508434288  
0.8309135366972779  
0.9626864640938636  
0.9752081843940847  
0.9155747341954654  
0.9680980126996364  
0.8728614221801668  
0.9355109348223891  
0.9037200406871966  
0.9858484186148788  
0.973476477861476  
0.8268962313810412  
0.9870834194059114  
0.9303777639193578  
0.8983903928098341  
0.9587937106143533  
0.9877531860322912  
0.9349707976357479  
0.9529105109868351  
0.8848842010417733  
0.9596010112091423  
0.9124076261656642  
0.9338862093022896  
0.8832951496975905  
0.9485728323027511  
0.8687266789142319  
0.8742968674119906  
0.9709239403496535  
0.8055338087780967  
0.9267777512367222  
0.8843209011834677  
0.9161082439780311  
0.9757839111304283  
0.9197365935457394  
0.8589932642899665  
0.9816264702215731  
0.7080374672941057  
0.8794973943884214  
0.7908228876478713  
0.9905097770519673  
0.900270896219593  
0.984995767678488  
0.9278359433810145  
0.9207038922321952  
0.6873710971622158  
0.68064706401388  
0.9262451545114034  
0.7452878430974653  
0.8473954896908091  
0.8232705399285425  
0.9352120762988639  
0.9786134320737897  
0.9462766575440351  
0.9191233612220641  
0.9903042383591346  
0.9887608553259013  
0.8393539099634657  
0.9821772977615792  
0.9646658746248847  
0.913766078107929  
0.976279825061248  
0.9642013210325048  
0.9844908666752605  
0.9621468442660577  
0.8415074637323354  
0.9083073091282139  
0.9830907568531263  
0.8945639769126118  
0.8631661863446626  
0.8991782975137271  
0.6010259076864368  
0.9576957389602455  
0.950923106717494  
0.9658690781687524  
0.9579755857952801  
0.9330450684149838  
0.8794224386651378  
0.9598453136657251  
0.8035360356246519  
0.8941472091594679  
0.9168285956370583  
0.8703099899669104  
0.979692077134114  
0.9816704467396673  
0.9456563501695665  
0.9303561675728439  
0.9330176928204782  
0.8563196175529019  
0.9800900667078589  
0.9586390961270715  
0.8132426794487514  
0.8167323983246195  
0.9646913758409605  
0.7975781117214363  
0.9831673822018286  
0.7720674327359535  
0.8968738189372383  
0.8595031077088476  
0.9839235003386302  
0.9450411531628873  
0.9830607809196147  
0.9364890670815481  
0.9549394028146204  
0.9573761895715271  
0.9566249754437826  
0.9856902394644786  
0.9394704069052066  
0.929885222078397  
0.9300553493799678  
0.8584766878558139  
0.946228204123826  
0.9654689036595447  
0.8673240429371489  
0.8701788266281067  
0.8923988637609025  
0.8779865979020124  
0.9422206001964051  
0.8465145267237003  
0.9835659441977532  
0.9570756938495408  
0.9880517851916045  
0.9133655290367546  
0.9691395319234433  
0.9800393994501054  
0.9613582842154674  
0.956199393265234  
0.8000420480649023  
0.939302038534968  
0.9594977896266632  
0.9396160440011374  
0.9888685280837896  
0.9894077068993838  
0.9677466150698425  
0.975504634712177  
0.9345373529318826  
0.9314332543891483  
0.8561430693566826  
0.7076061386093015  
0.8241801075583828  
0.9757526144804661  
0.9794955807565155  
0.8757254331656388  
0.9072835312884308  
0.9948200177795247  
0.9777034447053483  
0.9306093190213701  
0.8986007198315653  
0.9527183610831733  
0.9665676328643351  
0.9376902553510179  
0.9182505870639119  
0.7844204339127534  
0.9810358065303889  
0.9775162470915164  
0.9779337664532851  
0.9293254583133405  
0.9382509647112935  
0.8710480333723207  
0.9703056492489791  
0.9760247902961355  
0.7014333192972113  
0.7758869251939652  
0.9333780039041213  
0.9039649840893503  
0.9144364406714526  
0.9544425469460595  
0.9726229277581971  
0.9786731025597576  
0.9433486461071396  
0.9793793300348351  
0.8287935077520278  
0.8269548058590127  
0.9566712314249264  
0.8539942733567398  
0.9237338951733631  
0.9536163510234216  
0.9139965868911049  
0.9572596402512102  
0.9262330974426263  
0.9665959039240344  
0.9380605173226604  
0.9477566925585068  
0.9160192574305737  
0.9421936156999032  
0.9544687340582196  
0.9758211243014899  
0.9098712902081403  
0.9787345191463483  
0.9613204497692032  
0.9428436260050694  
0.936649488604749  
0.9864676605672257  
0.8531274062725002  
0.7884459297227525  
0.989239893689937  
0.8942773787628362  
0.9787268002870523  
0.9559539310814377  
0.9071720407974021  
0.9854058787384425  
0.8993053168334976  
0.9689900351416042  
0.7598181883320045  
0.9721113230792839  
0.9701077718576071  
0.9462164989852512  
0.7260080512590463  
0.9558634924277635  
0.9603822529406882  
0.9599629331486087  
0.9511427513982451  
0.9413387390724456  
0.9798518329772233  
0.9614016307493739  
0.9857369042943956  
0.9296811714378617  
0.9082172777941359  
0.9611174582933939  
0.9635327308362841  
0.9390470765434735  
0.9726829362967931  
0.9843383603907812  
0.6489781720708115  
0.9584174229136714  
0.957813995043545  
0.6939189106719865  
0.9146361087588767  
0.9197184269318465  
0.9877589413845527  
0.8855077483949175  
0.8774169541398651  
0.9633843204034569  
0.9666132448565137  
0.9514024996772226  
0.9725315172263865  
0.9647495609088433  
0.9374582995358545  
0.9420148679666234  
0.9743681064422537  
0.9747515777308892  
0.8813485242174559  
0.8620339149454814  
0.9201618043271607  
0.9814430660060836  
0.954549568796133  
0.9554003499299354  
0.9178567490444105  
0.8452785617230065  
0.9732015104929425  
0.9437380680674696  
0.9765607427281109  
0.8844162722879946  
0.9710625541088671  
0.9843499578986632  
0.9599407520200395  
0.9653926980579826  
0.8398997758784135  
0.9813253741097394  
0.9886008601728052  
0.9951149818148184  
0.9845256612820384  
0.9011923836555041  
0.9178016146373972  
0.9804394193334961  
0.9793931394705655  
0.9844333442111803  
0.9442949919851389  
0.7149059309211943  
0.7754731103501717  
0.9608610853144253  
0.934046040714148  
0.9459701817981454  
0.9648634510429328  
0.9230204247588345  
0.9373439574768287  
0.9303051005324813  
0.9762483069329676  
0.9313837169396659  
0.9851331901111163  
0.9505563650747512  
0.9560646748057942  
0.9789795589839442  
0.9844895308843464  
0.962161519801288  
0.9052655056884464  
0.9154862482522874  
0.9827749220707078  
0.9866716888198301  
0.97282904976126  
0.6971645831348444  
0.9607164615417165  
0.8200379740520518  
0.9689893266678521  
0.968232962791738  
0.9502963682871642  
0.9931091277236369  
0.9788597957184777  
0.8770482289827454  
0.9731441531083485  
0.8941490588103033  
0.9309835422876799  
0.940177831626345  
0.7434783750614801  
0.8515841434194623  
0.6532272165691083  
0.786250712750721  
0.9695991881841697  
0.9314080717506897  
0.9864988974895207  
0.9715393568741693  
0.9757632339043901  
0.8313459158481081  
0.9615573522125695  
0.9769004223529022  
0.9353502811138683  
0.9587357484695103  
0.9439388430176444  
0.8889392040457197  
0.9241650297185081  
0.9628993476629698  
0.7469437572590715  
0.8570182948270328  
0.7826758889531102  
0.9532705448104857  
0.9582790786504745  
0.8925177776775159  
0.9668336022381263  
0.8944313733292033  
0.9439077071606679  
0.9719626865910681  
0.7203241128653828  
0.9615184786083258  
0.9137339052765131  
0.8536295441912244  
0.9832600641902931  
0.9058435543025273  
0.9705224814445287  
0.9335956421363834  
0.9257175135110699  
0.9432467030421858  
0.9684176938638517  
0.9271476527265243  
0.9735860923974381  
0.9684893281795712  
0.957358537236523  
0.9423306094472237  
0.795480809098665  
0.743510948821766  
0.9281418680790965  
0.9614218950335426  
0.9468649845761692  
0.9347405755162383  
0.9458657154524359  
0.9114483353159686  
0.8980047419788693  
0.9105340613155893  
0.9191668498393613  
0.9428775743039466  
0.8100294171077477  
0.9282054103925622  
0.9797361703255107  
0.9591191670755177  
0.9429124256893567  
0.9594556015509224  
0.9237749140286294  
0.8504950544566552  
0.9703414416797774  
0.9092662424819675  
0.9711066728192903  
0.9233657607095386  
0.97429170590036  
0.9539146152297721  
0.9696329063680865  
0.9736172160060057  
0.9067840150769518  
0.9851684248698804  
0.9883623867753156  
0.7605253123673646  
0.9741520250193629  
0.9689695553434711  
0.9763947084682768  
0.8585143977175448  
0.6673259125533574  
0.9655115296032243  
0.7854494099916816  
0.9232011960409842  
0.9333157729877356  
0.8658840899803538  
0.9911939864035827  
0.9367233602893564  
0.870418807092293  
0.965066087980591  
0.8682892059571635  
0.8847472533757886  
0.9263797029037973  
0.8772721074134544  
0.9784483823399106  
0.9630944440166264  
0.9458704605118166  
0.7077338511753125  
0.9828261052890428  
0.9268487085602719  
0.9430888504988855  
0.9001610916336146  
0.7644083552566674  
0.7943998374018456  
0.8855226830546897  
0.9382827922443789  
0.8375626734052855  
0.9450824185261049  
0.9324720027486875  
0.8996644657649621  
0.9108825866131498  
0.9392834696351564  
0.9865964590238262  
0.9035472783275444  
0.9531233806321832  
0.9861155594368323  
0.9732986630311564  
0.9667386336335044  
0.9895497335711539  
0.7631921981514113  
0.9837171546580972  
0.9832289844781298  
0.8812624715537386  
0.8042366684594003  
0.937437304856391  
0.8987482199531569  
0.982883880164112  
0.9580580134604662  
0.9906345426878432  
0.9327184401307717  
0.9710183702574603  
0.8124319146366488  
0.9613007778101332  
0.8988861192105817  
0.9774178154679921  
0.75338525835877  
0.9433398025448302  
0.7091524422749109  
0.7727264815595933  
0.9002832125075785  
0.9903122708417937  
0.9716654743817231  
0.7724519279082536  
0.77344514389889  
0.9716632529818174  
0.9861210049131269  
0.960640624431238  
0.9707188696036535  
0.9735851603826926  
0.9008648347898887  
0.9492386380909462  
0.9636828469790495  
0.969199757870453  
0.9365978765467331  
0.8749250500048286  
0.966837236635713  
0.9083339115700354  
0.8601561755625691  
0.9382819329851128  
0.853826766050565  
0.9614684025609653  
0.8129189835555523  
0.914936439178711  
0.8769148167830723  
0.7894655606504113  
0.9736108781388199  
0.9656785425219285  
0.9887909751226289  
0.9375778503427019  
0.9836509578069531  
0.9799028780095784  
0.9770552017043382  
0.7456068966176647  
0.9440674126878587  
0.9560800959734397  
0.9551330195107122  
0.9748971166061106  
0.9376560933274012  
0.9192856416486433  
0.9652660896631954  
0.9256183607286436  
0.9135319040786423  
0.9204182275278011  
0.983370768959712  
0.966993611110281  
0.9576712856465822  
0.8600180978391985  
0.8835247012172494  
0.9750978421261822  
0.92525775345305  
0.9370133483823994  
0.755219870846329  
0.9173319734171808  
0.8712758869845515  
0.963348225721447  
0.8955599642657005  
0.9298935730010953  
0.9156784501726032  
0.8096484315303095  
0.9275374500313726  
0.9670199236087665  
0.9804752534477003  
0.823910923106356  
0.9641827225252958  
0.9295262917625056  
0.9761718742924534  
0.8975924514425893  
0.9475151585403724  
0.9289825603465957  
0.9450411933521288  
0.8454700085913602  
0.9159321721242993  
0.9058160265121173  
0.9782607111341504  
0.842445693265757  
0.8238593173215205  
0.9850585877043694  
0.8636760547354843  
0.9470695889242436  
0.8434166922643204  
0.7905242815225766  
0.936689853565094  
0.893737210867539  
0.9609878402860595  
0.9685209082404587  
0.9614284262048814  
0.9885976783869869  
0.9606731467150562  
0.8922424704558589  
0.8465559352466838  
0.9168158130170527  
0.9648968207185401  
0.883795482325109  
0.9753842359755441  
0.8281286567044968  
0.9895230465701614  
0.9658536746547361  
0.9652160776566827  
0.9406898018423621  
0.9264217721431156  
0.9567013603037521  
0.9289589475082256  
0.6694934627471886  
0.9536483437857233  
0.8767550236809035  
0.9040635532959356  
0.9892326075028517  
0.940310989592357  
0.9692337753392626  
0.9431424046975504  
0.8782658689867726  
0.8011746338792152  
0.8667212813405472  
0.8839273469389037  
0.9646862396451151  
0.9768261553075348  
0.9656758418852808  
0.9825239331192342  
0.9247379411673418  
0.9415085915872301  
0.9588692854472204  
0.9074297412268453  
0.9449092612531085  
0.8193507170894202  
0.9883419341862986  
0.9002709191374829  
0.9776129201550406  
0.9259204772163654  
0.7305412631354059  
0.9613670903742384  
0.8908499318568464  
0.9562779207946557  
0.9771322429925907  
0.8066203025464557  
0.9859181259735328  
0.7223984923804719  
0.9522311931265087  
0.940340503289433  
0.9060666058187052  
0.9533576776316391  
0.982080260320417  
0.7360937124856355  
0.9571859298978813  
0.8282373868512231  
0.8283408312024549  
0.8239691615567297  
0.6472069260363646  
0.9403240118558244  
0.9578899507173447  
0.9271441042332228  
0.9828039491671525  
0.9746768148381113  
0.9728927080904893  
0.980455108849895  
0.8659206886449876  
0.9699780017356371  
0.9176090527881345  
0.8569732937888972  
0.9827391834136899  
0.7469536833686676  
0.9361991106425397  
0.9623711093978714  
0.9544998909808777  
0.9890301459512413  
0.9590578030337491  
0.7532415598068691  
0.8938046754213022  
0.9088214459705707  
0.896534227283841  
0.9239445520853203  
0.9236755402002632  
0.8460922742870186  
0.7170312873169301  
0.9524826783982722  
0.964192272553624  
0.8764924451492928  
0.8170076515647056  
0.8719413869612956  
0.9624258114134425  
0.8695677598336797  
0.9819158065579057  
0.9058221144848525  
0.9219169357058891  
0.7673158088680785  
0.9683257355733964  
0.7699089744364558  
0.841544399959621  
0.9674567297231779  
0.9485729976369074  
0.9867565727321673  
0.9759651447123266  
0.9384765610495114  
0.9219310711893137  
0.8364175923455488  
0.8977961534589557  
0.8884357309825406  
0.9722052518267084  
0.9664212758836258  
0.9830508145289975  
0.6665789390435003  
0.8343506295205853  
0.8452844119482458  
0.9291004629201792  
0.953552126314459  
0.980762293748718  
0.9265726888190196  
0.9107938300917068  
0.9464181406658726  
0.8791754959603354  
0.9123898050864347  
0.7834664317523867  
0.9549161445691563  
0.9324909378068765  
0.9375423545745087  
0.9498692387720655  
0.9409215866762094  
0.8439268782269371  
0.9571258292982003  
0.952472273648054  
0.980011223779556  
0.9410724513585179  
0.9165252770239268  
0.9360118860705052  
0.9762833901663089  
0.839821072183924  
0.8631740034698622  
0.9579011680993229  
0.987521203514656  
0.9770922253276786  
0.96738850025626  
0.8593966686932294  
0.9537411324615367  
0.8371943334172994  
0.9767223757796449  
0.9734952717742015  
0.9401028401214822  
0.8116305576189928  
0.9758162791002686  
0.9454423136983229  
0.9103383171294807  
0.9096585367456311  
0.9817729083409966  
0.9313560365643125  
0.9877337671023584  
0.954727521223075  
0.9607505073620851  
0.9848425554811664  
0.8186843214938742  
0.9598597228205225  
0.974373088035615  
0.8783060440976427  
0.9884986877988361  
0.9853243640992536  
0.8839143956348722  
0.9692647584946685  
0.970860942468934  
0.7479457496492391  
0.9309795343496332  
0.9376233102587979  
0.9397880814082374  
0.8651835181787201  
0.9486801924422352  
0.9641954110385442  
0.9776637704234037  
0.8404846510401282  
0.8274299354974942  
0.963735278771484  
0.8596562320426901  
0.9846925473804478  
0.9632787477624829  
0.962105875302257  
0.9500031814187472  
0.9715975005332542  
0.8807329867195528  
0.894090532694738  
0.9038289785251258  
0.8719705655543523  
0.9473243950913363  
0.9729287280629998  
0.5920327523616541  
0.630605055989939  
0.9713048776817592  
0.914072030224703  
0.707383884729789  
0.9275655973682461  
0.9882413732124341  
0.9447578398415486  
0.9566308269600433  
0.9253478832448975  
0.9220926122085307  
0.8853092943001326  
0.8873110485154155  
0.953441887036384  
0.9198901912399905  
0.8973420380726568  
0.9727068581385757  
0.9781385350169967  
0.9326079366683329  
0.9620720657554779  
0.967278373528537  
0.9662708078003913  
0.9492612155731849  
0.9565809349820972  
0.922189840426215  
0.8640266100564011  
0.919268138730762  
0.9395603905168408  
0.98029208521485  
0.9092594379049067  
0.9578913572954819  
0.9679032912584419  
0.9793816059834675  
0.736941798880761  
0.9674270236615632  
0.9583759775985424  
0.9545795302828927  
0.9739834487377651  
0.9557071165277203  
0.8540717769005107  
0.9663888099910366  
0.9642227549554407  
0.9284030215228948  
0.9909091367124014  
0.9421726336822183  
0.8286386377673752  
0.90177861534008  
0.8744710052221816  
0.8496838468047873  
0.9549204950576091  
0.9342907042218144  
0.9306894363846013  
0.8391724204040276  
0.9728772414382258  
0.9273380207102391  
0.9345366392384822  
0.9586444995783591  
0.9594928928083203  
0.7764433455422036  
0.9754220636914319  
0.9613143433293411  
0.9215526266793757  
0.8882178839819513  
0.9694205551511004  
0.9330561800585634  
0.8935583768494191  
0.9528007785962426  
0.6639530660555014  
0.7991704613478829  
0.9705529903495067  
0.7982088525042457  
0.9831681516556191  
0.9500896771520975  
0.9548211635271323  
0.813983587926029  
0.795718707535559  
0.9240596370053235  
0.9739181885980578  
0.9096368435976355  