28 0.987285    0.987285           1    0.987282 
33 0.980208    0.980208           1    0.980205 
82 0.682886    0.682886           3    0.664512 
57 0.917275    0.917275           1    0.916791 
45 0.948845    0.948845           1    0.948772 
57 0.952926    0.950103           1    0.952913 
30 0.96767     0.96767           1    0.967658 
52 0.895638    0.895638           1    0.895537 
32 0.982534    0.982534           1    0.982523 
23 0.986428    0.986428           1    0.986418 
60 0.888738    0.879263           1    0.888557 
47 0.961181    0.950965           1    0.961158 
56 0.923528    0.923528           1    0.923511 
41 0.963468    0.963468           1    0.963441 
28 0.98506     0.98506           1    0.985059 
35 0.969599    0.969599           1    0.969533 
40 0.979447    0.979447           1    0.979441 
46 0.963769    0.963769           1    0.963718 
59 0.868917    0.866095           1    0.867858 
88 0.755985    0.757512           1    0.755642 
33 0.989851    0.989851           1    0.989849 
57 0.96011     0.96144           1    0.960104 
29 0.962813    0.962813           1    0.962801 
26 0.982379    0.982379           1    0.982345 
35 0.966667    0.966667           1    0.966638 
32 0.976633    0.976633           1    0.976603 
53 0.848909    0.848909           1    0.846605 
49 0.811305    0.811314           2    0.803318 
49 0.945973    0.945973           1    0.945852 
52 0.969682    0.969682           1    0.969636 
40 0.983624    0.983624           1    0.983606 
37 0.937974    0.941257           2     0.93781 
39 0.973529    0.973529           1    0.973519 
50 0.868209    0.868209           1    0.865567 
51 0.932936    0.932936           1    0.932862 
43 0.960387    0.960387           1    0.960312 
56 0.781804    0.781804           2    0.776164 
39 0.956983    0.956983           1    0.956929 
61 0.743398    0.743398           2    0.733189 
20 0.946504    0.946504           1    0.946469 
52 0.902364    0.899061           1    0.902249 
65 0.925391    0.925736           1    0.925255 
40 0.946496    0.946496           1    0.946294 
39 0.968472    0.962245           1    0.968236 
45 0.957237    0.957237           1    0.957236 
51 0.90677     0.90677           1    0.905941 
40 0.976093    0.976093           1    0.976091 
33 0.912099    0.912099           1    0.912075 
55 0.951297    0.951773           1    0.951137 
46 0.937222    0.937222           1    0.937207 
32 0.956664    0.956664           1    0.956495 
39 0.975313    0.975313           1    0.975289 
23 0.981543    0.982085           1    0.981531 
51 0.934228    0.934228           1     0.93422 
42 0.94424     0.94424           1    0.944161 
45 0.950309    0.950309           1    0.950029 
26 0.977637    0.977637           1    0.977615 
67 0.932388    0.932388           1    0.932355 
39 0.949565    0.949565           1    0.949323 
45 0.916005    0.916005           1    0.915353 
64 0.920488    0.916002           1     0.92023 
74 0.915687    0.915687           1    0.915617 
39 0.929371    0.929371           1    0.929354 
25 0.981386    0.981386           1     0.98134 
64 0.923382    0.923382           1    0.923282 
30 0.966607    0.966607           1    0.966572 
49 0.942501    0.938594           1    0.942326 
40 0.88328     0.88328           1    0.882609 
45 0.931215    0.931215           1    0.931191 
55 0.856376    0.856376           1    0.856038 
43 0.880068    0.880068           1    0.878416 
80 0.656153    0.656198           3    0.651173 
38 0.967013    0.967013           1    0.966937 
55 0.935596    0.938368           1    0.935426 
66 0.919453    0.915987           1    0.919366 
31 0.975444    0.975444           1    0.975431 
44 0.948388    0.944606           1    0.948361 
42 0.969136    0.965913           1    0.968417 
31 0.984506    0.984506           1      0.9845 
50 0.964387    0.964387           1    0.964356 
46 0.921549    0.921549           1    0.921364 
25 0.981899    0.981603           1    0.981862 
39 0.976127    0.977028           1    0.976103 
33 0.978241    0.978241           1    0.978207 
53 0.97081    0.958118           1    0.970474 
39 0.97636     0.97636           1    0.976336 
80 0.878625    0.878629           2    0.877248 
38 0.955619    0.955619           1    0.955565 
44 0.964611    0.965594           1    0.964423 
33 0.991336    0.991336           1    0.991333 
24 0.974115    0.974115           1    0.974068 
37 0.953984    0.948469           1    0.953904 
60 0.911953    0.911953           1    0.911951 
28 0.988151    0.988151           1    0.988149 
35 0.977046    0.974232           1    0.976987 
41 0.926635    0.926635           1    0.926384 
46 0.951152    0.951152           1    0.950894 
55 0.893526    0.893589           2    0.893492 
37 0.942905    0.943048           1    0.942708 
25 0.977872    0.977872           1     0.97784 
60 0.963819    0.963819           1    0.963763 
30 0.971585    0.971585           1     0.97153 
29 0.986893    0.986893           1    0.986892 
48 0.907575     0.91106           1    0.907151 
51 0.974602    0.974602           1    0.974598 
43 0.905726    0.905726           1    0.905312 
61 0.928855    0.923012           1    0.928717 
41 0.966849    0.967258           1    0.966835 
45 0.837337    0.838738           4    0.835377 
37 0.95033     0.95033           1    0.949928 
30 0.974852    0.974852           1    0.974776 
30 0.970671    0.970671           1    0.970597 
60 0.818204    0.818204           2      0.8164 
73 0.780798    0.780114           2    0.779788 
57 0.827335    0.827335           2    0.823558 
38 0.98367     0.98367           1    0.983666 
35 0.978666    0.978183           1    0.978647 
43 0.818721    0.818782           2    0.812071 
57 0.847448    0.847448           1    0.847287 
46 0.977478    0.977478           1    0.977475 
55 0.669457    0.672835           2    0.667502 
24 0.95736     0.95736           1    0.957327 
43 0.96904     0.96904           1    0.969039 
41 0.966141    0.966141           1    0.966137 
43 0.97028    0.971235           1    0.970011 
35 0.963351    0.963351           1    0.963332 
41 0.97524     0.97524           1    0.975218 
52 0.731816    0.731816           3    0.729958 
83 0.87157    0.846382           2    0.871103 
45 0.973764    0.973683           1    0.973757 
61 0.949157    0.949157           1    0.949104 
38 0.956501    0.956501           1    0.956264 
34 0.944423    0.944423           1    0.944068 
59 0.749932    0.749932           1    0.734306 
55 0.917918    0.918504           1    0.917903 
31 0.950079    0.950079           2    0.949824 
43 0.948598    0.948598           1    0.948497 
35 0.973545    0.973545           1    0.973544 
64 0.795936    0.795936           1    0.795492 
43 0.732418    0.732418           1     0.71487 
36 0.979027    0.979027           1    0.979016 
26 0.981283    0.981283           1    0.981277 
35 0.970286    0.970286           1    0.970271 
40 0.95219    0.943311           2    0.950523 
37 0.887089    0.887089           1    0.886893 
28 0.950523    0.950523           1    0.950502 
38 0.969782    0.969776           1    0.969755 
23 0.987777    0.987777           1    0.987762 
49 0.961008    0.961008           1    0.960993 
38 0.982946    0.982946           1    0.982945 
32 0.968944    0.968944           1    0.968911 
36 0.960182    0.960182           2    0.960016 
34 0.950408    0.950408           1    0.949851 
68 0.910354    0.910354           1    0.910259 
54 0.884972    0.871462           1     0.88412 
32 0.979629    0.979629           1    0.979628 
41 0.972862    0.972862           1    0.972859 
49 0.951302    0.946504           1    0.951282 
24 0.973051    0.973051           1    0.972993 
58 0.914724    0.914724           1    0.914528 
83 0.780023    0.780161           1    0.779693 
33 0.936276    0.936276           1    0.936249 
56 0.874986    0.874986           1    0.873773 
24 0.970688    0.970688           1    0.970645 
46 0.935343    0.935343           1    0.935056 
45 0.960663    0.960663           1    0.960579 
30 0.966391    0.966391           1     0.96622 
40 0.977431    0.977431           1    0.977422 
28 0.976347    0.976347           1      0.9763 
50 0.950954    0.950954           1     0.95093 
38 0.944332    0.944332           1    0.944328 
71 0.898476    0.898476           1    0.898405 
51 0.956112    0.954064           1    0.956004 
56 0.945746    0.945746           1    0.945731 
50 0.832356    0.832356           1    0.829803 
38 0.939986    0.939986           1    0.939844 
54 0.907851    0.907851           1    0.907219 
48 0.964746    0.964746           1    0.964742 
36 0.96332     0.96332           1    0.963274 
30 0.987936    0.983901           1    0.987806 
30 0.985764    0.987084           1    0.985611 
31 0.974811    0.974811           1    0.974779 
41 0.974688    0.974688           1    0.974666 
18 0.992929    0.992929           1    0.992928 
39 0.973455    0.973455           1    0.973452 
34 0.93414    0.931128           1    0.934096 
34 0.954247    0.954247           1      0.9542 
52 0.925424     0.92767           1    0.925264 
29 0.982008    0.981806           1    0.981958 
51 0.939116    0.939165           1    0.938917 
64 0.95391     0.95391           1    0.953854 
50 0.928973    0.926849           1    0.928972 
30 0.878403    0.878403           1    0.875643 
38 0.941728    0.941728           1    0.941327 
51 0.972237    0.972237           1    0.972221 
33 0.888187    0.888187           1    0.887825 
42 0.969794    0.969794           1    0.969763 
44 0.930212    0.930212           1    0.930108 
36 0.96527     0.95313           1    0.964934 
36 0.961311     0.95884           1     0.96129 
58 0.928135    0.910917           2    0.927521 
45 0.886164    0.886164           1    0.885694 
48 0.965396    0.965396           1    0.965386 
27 0.978265    0.978265           1    0.978197 
58 0.935351    0.924864           1    0.935328 
40 0.969388    0.971463           1    0.969258 
47 0.87658     0.87658           1    0.875955 
37 0.936211    0.936211           1    0.935826 
44 0.924528    0.924528           1    0.924357 
18 0.985848    0.985848           1     0.98584 
36 0.975381    0.975381           1    0.975355 
52 0.842072    0.842072           1    0.840408 
31 0.987083    0.987083           1    0.987083 
54 0.930378    0.929683           1     0.93033 
47 0.905663    0.905663           2    0.904881 
37 0.973149    0.973149           1    0.973139 
39 0.989054    0.989054           1    0.989054 
45 0.940647    0.940647           1    0.940596 
28 0.975479    0.975479           1    0.975461 
50 0.936299    0.936299           1    0.936299 
53 0.963984    0.963984           1    0.963903 
49 0.917859    0.917859           1    0.917641 
46 0.941242    0.941242           1     0.94122 
40 0.960631    0.960631           1    0.960539 
34 0.959469    0.959469           1     0.95946 
60 0.883164    0.883164           1    0.882826 
57 0.911217    0.901767           1    0.910916 
39 0.982785     0.98375           1    0.982749 
42 0.820322    0.820322           2    0.813475 
51 0.928086    0.928086           1    0.928041 
43 0.884904    0.884904           1    0.883073 
52 0.921685    0.921583           1     0.92152 
38 0.982749    0.983638           1    0.982728 
56 0.929651    0.929651           1    0.929332 
52 0.863009    0.857308           1    0.860922 
28 0.981626    0.981626           1    0.981613 
91 0.714331    0.714331           2    0.709387 
46 0.921552    0.921552           1    0.921158 
73 0.805373    0.805373           2    0.799203 
26 0.990509    0.990509           1    0.990507 
55 0.920077    0.920176           1    0.919862 
31 0.984996    0.986825           1    0.984859 
41 0.928475    0.931324           1    0.927163 
49 0.955291    0.954956           1    0.955213 
70 0.694773    0.694773           3    0.689402 
57 0.718837    0.736311           2    0.715485 
54 0.926228    0.926245           1    0.926201 
46 0.788457    0.788457           2    0.777052 
48 0.934048    0.934048           1    0.933719 
59 0.831056    0.831056           1     0.82986 
60 0.937742    0.937742           1    0.937716 
48 0.978613    0.978279           1    0.978581 
40 0.955808    0.955808           1    0.955779 
44 0.949416    0.942949           1    0.948666 
17 0.990304    0.990304           1    0.990292 
30 0.988761    0.988761           1     0.98876 
58 0.906009    0.905533           2    0.905396 
34 0.986326    0.986326           1    0.986323 
39 0.965983    0.965983           1    0.965977 
43 0.958882    0.958882           1    0.958689 
32 0.976995    0.976995           1    0.976955 
49 0.96897     0.96897           1    0.968962 
30 0.987977    0.987977           1    0.987969 
37 0.975744    0.975744           1    0.975726 
55 0.946356     0.95277           1    0.946245 
39 0.967523    0.967523           1    0.967516 
31 0.983091    0.983091           1    0.983088 
67 0.90195     0.90195           1    0.901888 
57 0.913067    0.913067           1      0.9128 
58 0.899704    0.899704           1    0.899571 
85 0.649045    0.649785           3    0.642657 
40 0.972117    0.972117           1    0.972092 
50 0.961223    0.961223           1    0.961184 
34 0.972566    0.972566           1     0.97249 
41 0.962681    0.962681           1    0.962646 
62 0.933045    0.933045           1    0.933043 
53 0.912851    0.912851           1     0.91277 
31 0.967843    0.968334           1    0.967732 
64 0.814834    0.814834           1    0.813484 
64 0.894374    0.894374           1    0.894118 
59 0.927118    0.927118           2    0.926849 
50 0.872436    0.872436           1    0.869983 
25 0.980903    0.980903           1    0.980901 
29 0.9845      0.9845           1    0.984489 
41 0.956568    0.956568           1    0.956506 
54 0.965226    0.965226           1     0.96522 
27 0.933017    0.933017           1    0.932995 
51 0.930475    0.930475           1    0.930469 
41 0.98009     0.98119           1    0.980042 
38 0.982038    0.981261           1    0.982011 
34 0.911969    0.911969           1    0.911766 
55 0.866806    0.866806           1     0.86661 
28 0.964691    0.964691           1    0.964523 
64 0.800524    0.800524           1    0.800171 
34 0.983458    0.983458           1    0.983419 
32 0.771987    0.772067           1    0.771824 
72 0.908175    0.914495           1    0.908076 
49 0.864129    0.864129           1    0.862048 
26 0.983923    0.983923           1    0.983917 
51 0.957063    0.957063           1    0.957055 
27 0.983061    0.983061           1    0.983052 
39 0.936489    0.936489           1    0.936461 
41 0.969113    0.966243           1    0.969104 
39 0.959477    0.959477           1    0.959465 
40 0.970823    0.970823           1    0.970798 
25 0.98569     0.98569           1    0.985688 
35 0.980816    0.979352           1    0.980656 
54 0.931379    0.924147           1    0.928866 
63 0.934565    0.934565           1    0.934364 
44 0.886374    0.886374           1    0.886013 
38 0.96413     0.96413           1    0.964128 
28 0.976147    0.976147           1    0.976144 
59 0.935784    0.935282           1    0.935765 
56 0.882101    0.882101           1    0.880705 
56 0.895341    0.895341           1    0.895325 
37 0.910548    0.910548           2    0.910261 
42 0.945523    0.945523           1    0.945461 
44 0.846515    0.845424           1    0.846487 
35 0.987795    0.987795           1    0.987795 
45 0.963403     0.96225           1    0.963238 
32 0.988052    0.988052           1    0.988048 
47 0.95389    0.941274           1    0.953435 
40 0.973839    0.965097           1    0.973832 
29 0.980039    0.980039           1    0.979998 
38 0.969984    0.969984           1    0.969903 
52 0.958655    0.958599           1    0.958486 
36 0.858142    0.858179           1     0.85795 
56 0.943502    0.943502           1    0.943498 
43 0.961762    0.960092           1     0.96173 
33 0.950427     0.94815           1     0.95039 
32 0.988868      0.9894           1    0.988626 
22 0.989407     0.98794           1    0.989328 
37 0.972035    0.972035           1    0.972033 
33 0.977105    0.977105           1    0.977102 
65 0.938025    0.936973           1    0.937857 
51 0.931433    0.925947           1    0.931398 
72 0.894516    0.894516           1    0.894475 
61 0.72212    0.708669           1    0.715234 
53 0.886094    0.886094           1    0.883467 
34 0.975753    0.975753           1    0.975747 
42 0.979496    0.979496           1    0.979487 
58 0.89206     0.89206           2    0.891042 
58 0.907285    0.921271           2    0.907166 
32 0.99482     0.99482           1     0.99482 
27 0.977704    0.977704           1    0.977693 
41 0.959036    0.959036           1    0.959015 
55 0.904416    0.904416           1    0.904405 
33 0.975381    0.975381           1    0.975304 
46 0.966567    0.966567           1    0.966532 
53 0.93769     0.93769           1    0.937684 
59 0.922897    0.922897           1    0.922882 
51 0.880192    0.880192           1    0.880021 
39 0.981036    0.981036           1    0.980996 
35 0.98325     0.98325           1    0.983225 
32 0.978535    0.978535           1    0.978512 
40 0.952289    0.952289           1    0.952198 
43 0.94109     0.94109           1     0.94105 
60 0.872241    0.872241           1    0.872083 
32 0.979746    0.979746           1    0.979743 
33 0.983509    0.984135           1    0.983472 
51 0.740462    0.740462           2    0.723247 
40 0.794472    0.801478           1    0.793346 
44 0.951862    0.951862           1    0.951846 
43 0.923706    0.923706           1    0.923686 
57 0.915402    0.915402           1    0.915219 
39 0.960319    0.960319           1    0.960232 
44 0.974153    0.974059           1    0.974148 
35 0.978673    0.974431           1    0.978456 
50 0.959392     0.95942           2    0.959364 
26 0.979379    0.978542           1    0.979361 
66 0.941272    0.941272           1    0.941231 
52 0.945227    0.945227           1    0.945054 
25 0.956671    0.956671           1    0.956481 
60 0.859495    0.859495           1    0.859443 
53 0.928552    0.928552           1    0.928483 
42 0.964088    0.964088           1    0.964084 
44 0.922287    0.922287           1    0.921693 
28 0.959968    0.959968           1    0.959868 
74 0.926233    0.926233           1    0.926215 
28 0.968006    0.968006           1    0.967921 
45 0.941904    0.941904           1    0.941858 
40 0.949881    0.949881           1    0.949853 
38 0.937876    0.937876           1    0.937845 
62 0.96282     0.96282           1    0.962808 
29 0.967788    0.967788           1     0.96776 
35 0.98274     0.98274           1    0.982732 
34 0.911759    0.911759           1    0.911671 
21 0.979912    0.979912           1    0.979835 
33 0.978298    0.978936           1    0.978227 
31 0.945859    0.945859           1    0.945699 
41 0.936968    0.932437           1    0.936949 
30 0.986467    0.986467           1     0.98646 
48 0.923126    0.923126           1    0.922779 
67 0.824767    0.824708           1    0.823134 
20 0.98924     0.98924           1    0.989236 
66 0.899978    0.899978           1    0.899949 
26 0.978727    0.978727           1    0.978725 
44 0.955969    0.955969           2    0.955754 
42 0.944756    0.944756           1    0.944536 
43 0.985406    0.985406           1      0.9854 
56 0.900613    0.900613           1    0.900564 
30 0.96899     0.96899           1    0.968979 
70 0.812549    0.812549           2    0.809763 
26 0.982081    0.982081           1    0.982069 
36 0.970108    0.970108           1    0.970015 
31 0.963087    0.963087           1    0.962865 
46 0.84541     0.84541           1    0.844428 
43 0.958408    0.951577           1    0.957839 
33 0.988525    0.988525           1    0.988524 
26 0.96186     0.96186           1     0.96171 
26 0.971662    0.971662           1    0.971642 
31 0.957579    0.957579           1    0.957508 
24 0.980336    0.980336           1    0.980306 
60 0.961402    0.957335           1    0.961329 
47 0.986111    0.986111           1    0.986108 
52 0.929681    0.929681           1    0.929083 
53 0.908217    0.908217           1    0.907245 
37 0.967225    0.967225           1    0.967218 
39 0.96528     0.96528           1    0.965269 
51 0.965997    0.965997           1    0.965997 
44 0.972682    0.967678           1    0.972458 
27 0.986419    0.986419           1    0.986397 
56 0.689813    0.694923           1    0.689177 
64 0.958417    0.958417           1    0.958401 
42 0.957814    0.957814           1    0.957811 
59 0.831122    0.831122           1     0.83037 
36 0.937148    0.937148           1    0.936907 
46 0.919962    0.919962           1    0.919791 
36 0.987759    0.988269           1    0.987615 
36 0.912186    0.912186           1    0.912089 
68 0.879278    0.879093           1    0.879184 
62 0.976261    0.976261           1    0.976238 
38 0.972064    0.972064           1    0.971972 
41 0.957086    0.957086           1    0.957044 
41 0.972532    0.972532           1    0.972448 
43 0.972156    0.972156           1    0.972132 
52 0.94864     0.94864           1    0.948627 
47 0.953305    0.949363           1    0.953211 
32 0.983284    0.983284           1    0.983279 
32 0.977803    0.977803           1    0.977791 
39 0.926995    0.926995           1    0.926774 
45 0.905171    0.905171           2    0.904556 
55 0.936194    0.936104           1    0.936167 
37 0.982296    0.982296           1    0.982292 
38 0.956427    0.956427           1    0.956411 
50 0.9554      0.9554           1    0.955392 
45 0.955623    0.955884           2     0.95551 
44 0.905188    0.905188           1    0.904928 
42 0.973202    0.975046           1    0.973148 
44 0.958516    0.958516           1    0.958493 
29 0.976561    0.976561           1    0.976534 
41 0.950137    0.950137           1    0.950075 
52 0.971062    0.971062           1    0.971039 
45 0.985262    0.985262           1    0.985258 
33 0.963986    0.963986           1     0.96391 
38 0.965393    0.965393           1    0.965391 
60 0.841614    0.851224           1      0.8416 
25 0.981325    0.981325           1    0.981297 
24 0.988601    0.988601           1    0.988598 
24 0.995115    0.995115           1    0.995115 
28 0.984526    0.984034           1    0.984513 
79 0.901914    0.901148           1    0.901812 
50 0.920614    0.920614           1    0.920547 
41 0.980439    0.980492           1    0.980428 
27 0.984484    0.984484           1     0.98448 
38 0.984433    0.984433           1    0.984423 
44 0.950164    0.950164           1    0.950094 
95 0.734216    0.738733           2    0.728688 
46 0.896785    0.896785           1    0.896187 
34 0.976483    0.976483           1    0.976475 
42 0.958316    0.958316           1    0.958159 
47 0.967553    0.967553           1    0.967539 
50 0.967255    0.963581           1    0.967036 
56 0.923108    0.923108           2    0.922174 
53 0.939828    0.939828           2    0.939665 
34 0.937293    0.937293           1     0.93711 
34 0.976248    0.972458           1    0.976221 
36 0.951702    0.939293           1    0.951689 
27 0.989597    0.989597           1    0.989597 
33 0.968965    0.968965           1     0.96896 
36 0.970817    0.970817           1     0.97075 
36 0.98031     0.98031           1    0.980298 
37 0.984489    0.984489           1    0.984488 
35 0.98449     0.98449           1     0.98449 
46 0.926548    0.923274           1    0.926367 
64 0.940052    0.940052           1    0.939982 
42 0.982775    0.982775           1    0.982765 
34 0.987841    0.987841           1    0.987834 
32 0.976571    0.976571           1    0.976559 
70 0.740851    0.740851           1     0.74082 
43 0.960716    0.960716           1    0.960698 
47 0.841909    0.841909           1    0.841235 
46 0.969385    0.969385           1    0.969367 
29 0.982253    0.982253           1    0.982221 
28 0.950296    0.932107           1     0.95024 
21 0.99311     0.99311           1    0.993109 
30 0.97886     0.97886           1    0.978858 
43 0.898704    0.899604           1    0.898613 
39 0.973298    0.973298           1    0.973275 
38 0.948618    0.948618           2    0.948475 
34 0.931895    0.931895           1    0.931631 
41 0.973244    0.969764           1    0.972982 
66 0.793306    0.793306           2     0.78883 
36 0.88054    0.880475           2    0.880232 
51 0.735598    0.734701           1    0.735352 
64 0.790417    0.790417           1     0.79012 
31 0.969599    0.969599           1    0.969452 
49 0.94513    0.943783           1    0.944991 
32 0.986722    0.986722           1    0.986719 
32 0.973618    0.973618           1    0.973601 
26 0.977888    0.977888           1    0.977844 
37 0.844076    0.821664           1    0.842083 
56 0.961557    0.961494           1    0.961541 
29 0.9769      0.9769           1    0.976872 
35 0.936641    0.934893           1    0.936559 
56 0.962452    0.962452           1    0.962436 
33 0.957138    0.957138           1    0.956855 
50 0.895074    0.895074           2    0.894428 
53 0.938635    0.938635           1     0.93861 
52 0.96587    0.962256           1    0.965729 
57 0.784248    0.784248           2    0.783666 
72 0.858123    0.869806           2    0.854269 
47 0.786921    0.787582           2    0.785027 
40 0.953923    0.953923           1    0.953863 
45 0.967629    0.967629           1    0.967619 
39 0.95794     0.95794           1    0.957934 
39 0.976964    0.976964           1    0.976963 
61 0.895037    0.895037           1    0.894767 
36 0.973313    0.973313           1    0.973263 
36 0.986574    0.986312           1    0.986545 
47 0.768946    0.768946           1    0.768746 
40 0.978462    0.978462           1     0.97844 
42 0.959126    0.959126           1    0.959116 
63 0.880718    0.880718           1    0.880567 
17 0.98465     0.98465           1    0.984644 
44 0.935559    0.935559           1    0.935312 
35 0.972124    0.972124           1     0.97212 
50 0.94598    0.933109           1    0.945725 
46 0.930559    0.930559           1     0.93048 
37 0.943246    0.943246           1    0.942394 
29 0.973142    0.973142           1    0.973111 
42 0.927148    0.927148           1    0.926994 
37 0.975471    0.975471           1    0.975471 
35 0.989259    0.989259           1    0.989248 
58 0.957359    0.954712           1    0.957353 
38 0.956105    0.956105           2    0.955898 
46 0.846712    0.846712           1    0.846529 
67 0.762936    0.762936           1    0.751685 
50 0.940864     0.94179           1     0.94069 
38 0.961422    0.959105           1     0.96134 
38 0.975958    0.975958           1    0.975952 
55 0.938342    0.935503           1    0.938022 
27 0.966835    0.966835           1    0.966757 
50 0.929622    0.929622           1    0.929151 
59 0.941179    0.941179           1     0.94112 
56 0.913796    0.913796           1    0.913695 
50 0.919167    0.919167           1    0.918998 
45 0.950161     0.93897           1    0.949794 
81 0.814117    0.814117           1    0.814097 
40 0.943915     0.94387           1    0.943872 
28 0.981408    0.981408           1    0.981347 
42 0.96032     0.96032           1    0.960286 
45 0.949477    0.949477           1    0.949392 
35 0.959557    0.959557           1    0.959529 
43 0.924118    0.924118           1    0.923755 
44 0.873086    0.862886           1    0.872063 
45 0.970499    0.970499           1    0.970498 
41 0.912886    0.912886           1    0.912664 
32 0.971161    0.971161           1    0.971149 
40 0.925502    0.925502           1     0.92537 
33 0.976055    0.976055           1    0.976054 
34 0.961219      0.9629           1    0.961196 
30 0.971893    0.971893           1     0.97184 
44 0.973617    0.973617           1    0.973613 
64 0.906784    0.906784           1    0.905945 
33 0.985168    0.984007           1    0.985154 
29 0.988362    0.988362           1    0.988362 
75 0.762827    0.762827           2     0.76199 
43 0.974152    0.974152           1    0.974143 
34 0.971951    0.971951           1    0.971932 
19 0.976394    0.976394           1    0.976362 
47 0.869039    0.869039           2    0.868924 
61 0.668122    0.669401           1    0.667691 
30 0.967419    0.967419           1    0.967218 
56 0.809104    0.809104           1    0.800246 
56 0.924617    0.924617           1    0.924466 
42 0.985118    0.979487           1    0.984932 
49 0.869927    0.869927           1    0.869682 
27 0.991194    0.991194           1    0.991192 
37 0.940484    0.940484           1    0.940377 
52 0.882374    0.882374           2    0.879821 
34 0.97831     0.97831           1    0.978296 
63 0.873132    0.873132           1    0.873121 
67 0.910707    0.902601           2    0.910215 
31 0.958172    0.958172           1    0.958108 
51 0.883321    0.883321           1    0.881239 
30 0.978448    0.978448           1    0.978446 
53 0.965028    0.965028           1     0.96495 
52 0.960864    0.961111           1    0.960855 
54 0.71195     0.71195           1     0.71018 
37 0.983723    0.983723           1     0.98372 
49 0.96303     0.96303           1    0.963027 
32 0.96231     0.96231           1    0.962284 
32 0.906371     0.89198           1    0.906025 
86 0.78907     0.78907           2    0.786272 
53 0.898434    0.898434           1    0.897868 
60 0.899406    0.899406           2     0.89864 
62 0.942587    0.942587           1     0.94247 
51 0.870821    0.870821           1     0.87068 
36 0.949019    0.949019           1    0.948911 
62 0.933561    0.932824           1     0.93328 
58 0.91699    0.916362           1    0.916934 
43 0.917409    0.911055           2    0.917322 
41 0.941404    0.931336           1    0.941134 
33 0.987175     0.98372           1     0.98714 
36 0.985008    0.985008           1    0.984999 
40 0.956327    0.956327           1    0.956237 
31 0.986115    0.986115           1    0.986105 
46 0.973362    0.973362           1     0.97335 
38 0.980594    0.980594           1    0.980588 
20 0.989549    0.989746           1    0.989531 
66 0.763192    0.763192           1    0.759591 
37 0.985943    0.985943           1     0.98594 
34 0.983229    0.983883           1    0.983227 
41 0.91545     0.91545           1    0.914991 
50 0.919871    0.919871           1    0.919641 
53 0.953727    0.953727           1    0.953592 
43 0.930908    0.930908           1    0.930792 
37 0.98296     0.98296           1    0.982958 
42 0.968366    0.968366           1    0.968344 
20 0.990634    0.990634           1    0.990629 
36 0.958963    0.945272           1    0.958739 
32 0.971898    0.971898           1    0.971836 
49 0.848073    0.845109           2    0.846134 
38 0.971071    0.971078           1    0.970863 
47 0.93721     0.93721           1    0.937129 
39 0.978312    0.975135           1    0.978279 
59 0.785656    0.785656           1    0.775934 
62 0.951026    0.951026           1    0.951015 
81 0.733775    0.741171           2    0.726013 
65 0.868161    0.868161           1     0.86703 
48 0.933424    0.933424           1    0.933286 
43 0.990363     0.98927           1    0.990313 
57 0.972328     0.97269           1    0.972307 
67 0.803989    0.804097           4    0.801679 
63 0.870905    0.870905           1     0.87081 
45 0.971663    0.970954           1    0.971493 
25 0.986121    0.986121           1     0.98607 
50 0.960977    0.959857           1    0.960832 
42 0.970719    0.967067           1    0.970688 
47 0.973905    0.974612           1    0.973879 
57 0.947634    0.947634           1    0.947597 
31 0.967144    0.967144           1    0.966996 
30 0.975692    0.975692           1    0.975685 
31 0.970528    0.970528           1    0.970519 
32 0.936598    0.936598           1    0.936142 
57 0.918625     0.90934           1    0.918551 
44 0.966837    0.966046           1    0.966817 
49 0.938809    0.938809           1     0.93833 
59 0.862162    0.868833           1     0.86176 
46 0.971864    0.971864           1    0.971861 
69 0.859265    0.859265           1    0.859177 
27 0.965893    0.965893           1    0.965838 
42 0.877689    0.877689           1    0.876094 
34 0.920181    0.920181           1    0.920135 
47 0.893281    0.893281           1    0.892952 
71 0.837824    0.825496           1    0.837359 
33 0.98253    0.981261           1    0.982514 
34 0.970207    0.970207           1    0.970199 
30 0.988791    0.987733           1    0.988788 
49 0.940129    0.937146           1    0.940121 
39 0.983651    0.983651           1    0.983634 
27 0.98332     0.98332           1    0.983316 
34 0.978855    0.978855           1    0.978847 
48 0.746757    0.746757           1    0.746043 
41 0.946601    0.946601           1    0.946461 
46 0.963537    0.963537           1    0.963504 
30 0.975207    0.975207           1    0.975204 
22 0.983338    0.983338           1    0.983323 
34 0.972863    0.972863           2    0.972809 
48 0.940674    0.940674           1    0.940666 
32 0.968623    0.968623           1     0.96862 
47 0.945584    0.945584           1    0.945483 
42 0.9666      0.9666           1    0.966549 
46 0.953054    0.954735           1    0.952932 
39 0.983371    0.983371           1    0.983369 
34 0.968149    0.968149           1    0.968046 
33 0.975235    0.975235           1     0.97523 
56 0.877576    0.878911           1    0.877402 
37 0.892862    0.892862           1     0.89192 
33 0.978255    0.978778           1    0.978222 
56 0.932439     0.92888           2    0.931791 
44 0.940846    0.940846           1    0.940806 
42 0.755243    0.753007           2    0.747102 
34 0.917653    0.917653           1    0.917489 
61 0.871378    0.872294           1    0.870801 
38 0.971588    0.971263           1    0.971545 
46 0.968223    0.968223           1    0.968164 
35 0.956179    0.956179           1    0.956164 
42 0.915679    0.905566           1    0.915294 
59 0.839801    0.839903           1    0.838264 
46 0.968345    0.959801           1    0.968341 
38 0.969021    0.967371           1    0.968925 
34 0.980475    0.980475           1    0.980452 
54 0.825452    0.825452           1    0.823573 
32 0.964183    0.964183           1    0.964178 
47 0.936828    0.936828           1    0.936822 
34 0.976172    0.976172           1    0.976171 
33 0.947951    0.947951           1    0.947923 
38 0.972488    0.972488           1     0.97247 
47 0.928982    0.928982           1     0.92877 
57 0.969239    0.969239           1    0.969239 
45 0.9238      0.9238           1    0.923693 
62 0.915932    0.915932           1    0.915901 
47 0.909001    0.909658           1    0.908486 
26 0.98455     0.98455           1    0.984547 
55 0.902058    0.902058           1     0.90201 
57 0.829823    0.829823           1    0.827535 
23 0.990043    0.990043           1    0.990039 
50 0.882949    0.877003           1    0.882452 
32 0.949826    0.949826           1    0.949769 
84 0.847908    0.836738           1    0.846539 
71 0.792707    0.798496           2    0.786622 
46 0.949301    0.949301           1    0.949261 
50 0.93649     0.93649           1    0.936284 
53 0.961588    0.963373           1    0.961581 
24 0.992228    0.992228           1    0.992227 
39 0.97352     0.97352           1    0.973488 
19 0.988597    0.988597           1     0.98859 
47 0.963536    0.963536           1    0.963498 
40 0.964525     0.96146           1    0.964461 
44 0.889141    0.889141           1     0.88882 
58 0.921555      0.9198           1     0.92152 
30 0.979629    0.979629           1    0.979595 
33 0.9622      0.9622           1    0.962183 
28 0.975384    0.975384           1    0.975328 
69 0.875088    0.875088           1     0.87499 
22 0.989523    0.989523           1    0.989516 
40 0.974348    0.974348           1     0.97434 
37 0.965445    0.965445           1     0.96536 
26 0.953333    0.953333           1     0.95329 
59 0.927841    0.927841           1    0.927816 
28 0.990089    0.990089           1    0.990087 
54 0.933775    0.934835           1    0.932796 
58 0.72974    0.720626           1    0.729004 
37 0.953847    0.953847           1    0.953804 
41 0.966838    0.966838           1    0.966822 
39 0.934027    0.934027           1    0.933792 
26 0.989232    0.989232           1    0.989231 
59 0.940311    0.940048           1     0.94025 
56 0.969234    0.967893           1    0.969117 
36 0.976425    0.976425           1    0.976412 
47 0.882408    0.882408           1    0.881359 
61 0.841733    0.836884           1    0.841658 
69 0.870255    0.870255           1    0.870216 
37 0.886807    0.886807           1    0.886602 
40 0.976389    0.972094           1    0.976345 
33 0.978661    0.978661           1    0.978643 
32 0.983008    0.983008           1    0.982979 
29 0.982775    0.982775           1    0.982764 
43 0.945595    0.945221           1    0.945387 
52 0.949931    0.949931           1    0.949778 
47 0.963519    0.963519           1    0.963514 
52 0.925765    0.925765           1    0.925727 
42 0.945511    0.945511           1    0.945505 
50 0.912935    0.912935           1    0.912838 
24 0.990551    0.990551           1    0.990547 
46 0.937406    0.937406           1    0.937241 
33 0.979798    0.979798           1    0.979795 
52 0.93947     0.93947           1    0.939346 
60 0.747639    0.747639           1    0.747413 
35 0.979705    0.979705           1    0.979704 
33 0.940719    0.940719           1    0.940591 
43 0.958578    0.958593           1    0.958529 
22 0.977132    0.977132           1    0.977033 
48 0.89451     0.89451           1    0.894505 
26 0.991778    0.991778           1    0.991778 
63 0.722777    0.722777           1     0.71974 
29 0.967729    0.967729           1    0.967547 
30 0.950342    0.950342           1    0.949958 
48 0.916403    0.916403           1    0.915747 
40 0.953358    0.953358           1     0.95328 
25 0.982169    0.982169           1    0.982145 
63 0.874446    0.874446           1    0.871604 
39 0.965113    0.964721           1    0.964968 
66 0.854853    0.824505           2     0.84992 
34 0.860347    0.860347           3    0.857521 
60 0.865972    0.846699           1    0.865967 
78 0.699258    0.679183           3    0.683582 
57 0.970313    0.970313           1      0.9703 
33 0.971188    0.971188           1     0.97106 
43 0.935486    0.935486           1    0.934991 
27 0.983382    0.983382           1    0.983379 
30 0.977479    0.977479           1    0.977375 
37 0.978687    0.978687           1    0.978673 
35 0.980455    0.980455           1    0.980442 
35 0.874515    0.874669           1    0.874156 
37 0.971067    0.970054           1    0.970824 
50 0.971448    0.971448           1    0.971447 
59 0.904339    0.901621           2    0.904052 
27 0.98274    0.982433           1    0.982678 
58 0.862036    0.862036           1    0.860315 
27 0.97695     0.97695           1    0.976948 
28 0.972971    0.971334           1    0.972966 
50 0.9545    0.952624           1    0.954341 
24 0.989031    0.989031           1    0.989029 
63 0.959058    0.955509           1    0.959024 
51 0.768751    0.768751           1    0.767344 
49 0.893805    0.894126           1    0.892728 
35 0.908821    0.908821           1    0.908698 
45 0.91988     0.91988           1    0.919833 
42 0.956111    0.952565           1    0.956016 
55 0.939405    0.939405           1    0.939373 
54 0.943983    0.943983           1    0.943917 
51 0.785939    0.785939           3    0.775634 
45 0.953759    0.953759           1    0.953589 
51 0.965657    0.964388           1    0.965514 
37 0.942902    0.942902           1    0.942891 
64 0.909873    0.909873           1    0.909658 
39 0.885077    0.885077           1     0.88473 
33 0.968958    0.968958           1    0.968884 
71 0.945864    0.945864           1    0.945861 
31 0.981916    0.981916           1    0.981911 
36 0.933315    0.931116           1    0.932945 
40 0.938092    0.938092           1    0.938006 
59 0.778648    0.773212           1    0.777792 
42 0.97481    0.973269           1    0.974745 
70 0.810493    0.797149           2    0.808738 
56 0.96187     0.96187           1    0.961762 
40 0.969537    0.969537           1    0.969534 
43 0.971261    0.971261           1    0.971229 
29 0.986756    0.985471           1    0.986718 
34 0.980579    0.980579           1    0.980578 
66 0.947927    0.947927           1    0.947779 
47 0.951253    0.951253           1    0.951234 
59 0.936557    0.933451           1    0.936509 
47 0.935862    0.935862           1    0.935647 
66 0.924559     0.91611           1    0.924347 
40 0.972205    0.972657           1    0.972204 
45 0.973498    0.972285           1    0.973432 
37 0.983051    0.983051           1    0.983038 
59 0.67308     0.67308           2    0.670527 
63 0.858197    0.858767           1    0.857163 
48 0.885187    0.870793           2    0.883072 
41 0.971484    0.967661           1    0.971255 
55 0.954031    0.954031           1    0.953948 
33 0.980762    0.980762           1     0.98076 
55 0.970309    0.970309           1     0.97027 
77 0.927028    0.927028           1     0.92699 
32 0.949749    0.949749           1    0.949743 
48 0.888745    0.888745           1     0.88608 
49 0.917639    0.917639           1    0.917425 
51 0.799839    0.799839           2    0.790042 
25 0.956198    0.956198           1    0.955996 
55 0.951762    0.951762           1    0.951738 
35 0.954306    0.954306           1    0.954298 
26 0.978396    0.978396           1    0.978395 
53 0.960111    0.960111           1    0.960076 
47 0.899321    0.899321           1    0.896851 
56 0.958269    0.958269           1    0.958259 
54 0.953249    0.953386           1    0.953178 
25 0.980011    0.980011           1    0.980004 
42 0.958987    0.958987           1    0.958981 
31 0.920353    0.920353           1    0.919544 
44 0.937627    0.937627           1    0.937516 
35 0.976283    0.976283           1    0.976267 
60 0.88163    0.875993           1    0.880152 
61 0.958626    0.956309           1    0.958007 
55 0.962353    0.960772           1    0.962309 
40 0.987522    0.987522           1    0.987518 
34 0.977092    0.973883           1    0.977033 
40 0.967478    0.971214           1    0.967404 
46 0.887692    0.887692           1    0.885914 
48 0.960213    0.960213           1      0.9602 
51 0.848305    0.842063           1    0.846696 
33 0.976722    0.977399           1    0.976675 
27 0.978051    0.978051           1    0.978044 
38 0.940103    0.940103           1    0.940085 
67 0.819199    0.819199           1    0.818638 
19 0.976301    0.976301           1    0.976249 
38 0.969889    0.969889           1    0.969873 
53 0.921786    0.921786           1    0.921674 
47 0.909658    0.909658           1    0.909458 
33 0.981773    0.981773           1    0.981771 
65 0.949648     0.94774           1    0.949635 
28 0.988079    0.988079           1    0.988066 
38 0.967885    0.967885           1    0.967875 
27 0.969398    0.965358           1    0.969137 
25 0.984843    0.984843           1    0.984815 
72 0.818689    0.818689           1    0.816729 
41 0.95986    0.961837           1     0.95984 
43 0.974373    0.971988           1    0.974352 
51 0.915672    0.915672           1    0.915503 
22 0.988498    0.988498           1    0.988497 
28 0.985324      0.9848           1    0.985211 
34 0.883914     0.86917           1    0.883293 
50 0.972033    0.972033           1    0.972022 
34 0.971939    0.971939           1     0.97187 
63 0.811216    0.811216           1    0.810096 
41 0.961813    0.953389           1    0.961809 
36 0.95776     0.95776           1    0.957619 
42 0.95333     0.95333           1    0.953225 
62 0.893642    0.893642           1    0.893391 
47 0.949546    0.949546           1    0.949499 
35 0.970987    0.970987           1    0.970955 
36 0.977664    0.977664           1    0.977661 
48 0.850581    0.846679           1     0.84482 
54 0.899613    0.890284           1    0.898779 
42 0.968334    0.966992           1    0.968216 
45 0.887388    0.887388           1     0.88726 
36 0.985715    0.985715           1    0.985687 
37 0.964446    0.960736           1    0.964391 
36 0.9639      0.9639           1    0.963848 
35 0.971213    0.971213           1    0.971196 
31 0.971597    0.971597           1    0.971537 
50 0.903712    0.903712           2    0.903079 
42 0.895518    0.895518           1    0.895302 
32 0.904021    0.904021           2    0.902932 
64 0.88608     0.88608           2    0.885246 
38 0.951797    0.951797           1     0.95152 
26 0.97517     0.97517           1    0.975163 
70 0.633036    0.634008           1    0.632208 
94 0.637804    0.651132           3    0.632787 
27 0.972431    0.972431           1     0.97239 
28 0.920827    0.920827           1    0.920587 
61 0.756657    0.756657           2    0.752159 
53 0.935818    0.935818           1    0.935555 
17 0.988241    0.988241           1    0.988236 
37 0.94908     0.94908           1    0.949068 
36 0.956631    0.956631           1    0.956434 
41 0.928453    0.928453           1    0.928389 
46 0.938055    0.938055           1    0.938003 
40 0.885309    0.885309           1    0.883031 
52 0.957389    0.957389           1    0.957354 
35 0.958358    0.958358           1    0.958149 
54 0.952661    0.952661           1    0.952649 
42 0.924661    0.924661           1    0.924661 
38 0.973864    0.973864           1    0.973863 
27 0.981738    0.981738           1     0.98173 
44 0.968971    0.968971           1     0.96897 
34 0.973758    0.973758           1    0.973743 
44 0.969958    0.969958           1    0.969877 
30 0.971542    0.971542           1    0.971522 
45 0.949261    0.949261           1    0.948976 
30 0.962091    0.962091           1    0.962075 
42 0.931757    0.931757           1    0.931339 
60 0.869052    0.869052           1    0.868996 
55 0.944832    0.944832           1    0.944752 
44 0.941239    0.941239           1    0.940748 
29 0.980292    0.980292           1    0.980283 
48 0.913237    0.913237           1    0.912871 
38 0.957981    0.957981           1     0.95796 
25 0.968759    0.968759           1    0.968572 
25 0.97974     0.97974           1    0.979728 
67 0.740105    0.735341           2    0.735625 
41 0.969124    0.970037           1     0.96908 
30 0.962266    0.962266           1    0.962025 
43 0.954622    0.954622           1    0.954527 
24 0.973983    0.973983           1    0.973981 
37 0.955894    0.955894           1    0.955787 
58 0.922359    0.913597           1    0.922346 
52 0.966389    0.963704           1    0.966373 
37 0.966928    0.963544           1    0.966479 
42 0.933068    0.933068           1    0.932755 
27 0.990909    0.990909           1    0.990907 
35 0.963611    0.963611           1    0.963515 
54 0.929618    0.927274           1    0.929507 
55 0.912266    0.912266           2    0.910674 
60 0.919322    0.919322           1    0.919322 
41 0.967947    0.958612           1    0.967088 
41 0.961237    0.961237           1    0.961196 
45 0.943265    0.924753           1    0.943036 
60 0.950196    0.950196           1    0.950176 
34 0.852263    0.852263           2    0.847074 
43 0.972915    0.972915           1     0.97291 
45 0.949942    0.949942           1    0.949859 
53 0.942953    0.942595           1    0.942944 
31 0.95894    0.958955           1    0.958938 
50 0.959759     0.95804           1    0.959589 
71 0.809609    0.785332           2    0.803531 
48 0.977077    0.978488           1    0.977049 
29 0.965493    0.962668           1    0.965483 
35 0.932796    0.932796           1    0.932594 
37 0.937609    0.937609           1     0.93755 
35 0.969421    0.969421           1    0.969336 
41 0.937331    0.937331           1    0.936632 
42 0.894779    0.894779           1    0.894111 
47 0.955838    0.955838           1    0.955824 
62 0.740714    0.739022           1    0.730157 
61 0.813407    0.817768           1    0.813154 
23 0.970525    0.970554           1    0.970521 
60 0.821936    0.826701           1    0.818353 
39 0.983168    0.981862           1    0.983158 
40 0.95009     0.95009           1        0.95 
35 0.954821    0.954821           1    0.954794 
56 0.815108    0.815108           1    0.814174 
54 0.884979    0.884979           2    0.881659 
60 0.924489     0.92896           1    0.924312 
44 0.973919    0.974352           1    0.973857 
51 0.916256    0.916256           1    0.916037 
