0.9872855120605755
0.9802083508748165
0.6828860475782849
0.9172749604282077
0.9488449434000458
0.9529263961048744
0.967669620886165
0.8956385481987095
0.9825340962553416
0.9864278284920098
0.8887378447952332
0.9611818687519249
0.9235280607250833
0.9634676644259235
0.9850599287246102
0.9695985955541259
0.9794474739202972
0.9637696002842595
0.8689170652131761
0.7559854017717736
0.9898506296908297
0.9601104078501421
0.9628133481492419
0.9823788000772311
0.9666682545698502
0.9766336710683841
0.8489093143868415
0.8113137649728323
0.9459736291725928
0.9696819728566112
0.9836238335705808
0.9379735988589942
0.9735288704520837
0.8682087350618801
0.9329365229704197
0.9603875559304915
0.781804299497554
0.95698297443587
0.7433976389385992
0.9465043896531835
0.902364885259325
0.925391552649808
0.9464967730526046
0.9684734137608728
0.9572369960300469
0.9067698173690022
0.9760935409585016
0.9120992700863141
0.9512974737722518
0.9372223301163827
0.9566645340779812
0.9753132039379588
0.9815439843808973
0.9342285454197907
0.9442397030620018
0.9503090312584462
0.9776375644146548
0.9323878590088913
0.9495660915726417
0.9160052830342628
0.9205295416320249
0.9156869022357089
0.9293710105854451
0.9813857268725729
0.9233820794495926
0.9666071234545859
0.9425016311278553
0.8832802148117855
0.9312157378497955
0.8563764642230268
0.880068449575359
0.6561983423283966
0.9670134803373885
0.9355962944717029
0.919452621692659
0.9754444613354817
0.9483883206852477
0.9691363818469415
0.9845058409844356
0.9643871659031559
0.921548692487646
0.9818990812524951
0.9761273042200436
0.9782408651737087
0.9708102993233912
0.9763597120498223
0.8786288947855269
0.9556194931517276
0.9646112822377084
0.9913358482894491
0.9741154292620967
0.9539843296773348
0.9119529908143882
0.9881514589040359
0.9770462771250411
0.9266349630162342
0.9511521046530733
0.8935891725994575
0.9429052547233518
0.9778721577172541
0.9638187972065791
0.9715852529127229
0.9868934799058732
0.9075754702461324
0.9746026625522939
0.9057265836352169
0.9288552784523854
0.9668496475880284
0.8373367544271766
0.9503306517464032
0.9748524242196677
0.9706722277611036
0.8182050966756423
0.7807981721047907
0.8273351474055758
0.9836698484753812
0.9786659566966137
0.8187827575124388
0.8474485144315314
0.9774777535866502
0.669457280942365
0.9573607136691988
0.96904071632388
0.9661412081236956
0.9702803777039235
0.9633511889840336
0.9752398153916217
0.7318157687073557
0.8715697183429301
0.9737639064586102
0.9491572688751404
0.9565015848818413
0.944423773549678
0.7499325604420746
0.9179179434579574
0.950078607481424
0.9485987178837991
0.9735456556256296
0.7959362409987026
0.7324177977685397
0.9790276096289926
0.9812834356503564
0.9702864524220572
0.9521907109235759
0.8870885107489397
0.9505234083679162
0.969782166087706
0.9877768982144116
0.9610083592146345
0.9829455700795445
0.9689441428930178
0.9601823014359718
0.9504078542347545
0.910353948128712
0.8849725611167506
0.979629485557841
0.9728620606526857
0.9513016338908957
0.9730516735619552
0.9147244158380368
0.780161147984987
0.9362768140702796
0.8749859555077382
0.9706883367236069
0.9353433927611741
0.9606629942131192
0.9663910789982433
0.9774312009211147
0.976347459104788
0.9509543773862843
0.9443327983686758
0.8984756498729558
0.956112301513476
0.9457461208028677
0.8323559516200174
0.9399856067914976
0.907851128350461
0.9647459314855942
0.9633197608516326
0.9879358514618416
0.9857646378800656
0.9748111515329483
0.9746876492901332
0.9929292565306811
0.9734550658573919
0.9341402980167377
0.9542467780240917
0.9254241269073118
0.9820084963825747
0.9391166603363892
0.9539096632250931
0.9289761049853041
0.8784026604659994
0.9417280732658052
0.972237504107977
0.8881879648136611
0.9697939614951859
0.9302116981146774
0.965270680470231
0.9613115060488167
0.9281349494706748
0.8861646682391783
0.9653959924241139
0.9782656096676416
0.9353509997834217
0.9693884235894012
0.8765800375820653
0.9362113199671156
0.9245281558347279
0.9858484186148788
0.9753814385488394
0.8420723899306604
0.9870834194059113
0.9303777639193577
0.9056629160871179
0.9731496868138045
0.9890546853280526
0.9406472922682034
0.9754789406033872
0.9362989862496279
0.9639843288273112
0.9178595935711468
0.9412424151079443
0.9606312174473465
0.9594697635450988
0.8831637244770663
0.9112173026556777
0.9827856996757817
0.8203221069293792
0.9280857022370426
0.8849038985983502
0.921731439473854
0.9827493649228317
0.9296511617058615
0.8630096275731204
0.9816264702215731
0.714331362489453
0.9215528273511348
0.8053733617269901
0.9905097770519673
0.9201765673647867
0.9849957676784883
0.9284751412738423
0.9552910130495186
0.6947734233790347
0.7363117111052874
0.9262452236004098
0.7884578507262311
0.9340477183227711
0.831055728121292
0.9377418439018607
0.9786134320737894
0.9558088283461449
0.9494168023367351
0.9903042383591346
0.9887608553259013
0.9060098245509197
0.9863263579475054
0.965983356986862
0.9588821644220933
0.9769952289755793
0.9689705070141555
0.9879768561267029
0.9757437292120164
0.9463564887359459
0.9675233450216003
0.9830908167533783
0.9019498366306289
0.9130672287631679
0.8997039461429304
0.649785129709476
0.9721171894010373
0.9612233527496066
0.972566742425981
0.9626810696141215
0.9330450684149841
0.9128513027846804
0.9678429546083003
0.8148339535696673
0.8943738266661615
0.9271179801988362
0.8724360905236144
0.9809035647364647
0.9845005278198377
0.9565684922106635
0.9652266052375482
0.9330176928204783
0.9304755569727199
0.9800900667078589
0.9820381337117378
0.9119694471821377
0.8668064067000426
0.9646913758409603
0.8005240799386275
0.9834578289931744
0.7720674327359535
0.9081746873687528
0.864129334558607
0.9839235003386302
0.9570629791665444
0.9830613620625737
0.9364895256795828
0.9691133658768792
0.9594770469900786
0.9708226267092981
0.9856902394644786
0.9808160388754151
0.9313791399894252
0.9345648925586836
0.8863743738200969
0.9641309024124494
0.9761472708280449
0.9357842457685135
0.8821016556799406
0.8953409018820907
0.9105485887090402
0.9455240654093748
0.8465145267237004
0.9877954092219343
0.9634026899429613
0.9880517851916043
0.9538905099070708
0.9738388120597672
0.9800393994501054
0.9699843141709862
0.958654596587191
0.8581794937719569
0.9435019380283834
0.9617621668013099
0.950426806685662
0.9888685280837893
0.9894077068993836
0.9720347373902283
0.9771055846731906
0.9380248935926293
0.9314335357535598
0.8945156471828392
0.7221196824416075
0.8860941687411666
0.9757533716793854
0.9794955807565157
0.892060299763063
0.9072853231185867
0.9948200177795248
0.9777036619883569
0.9590364293672762
0.9044159052677306
0.9753810113991392
0.9665676328643351
0.9376902553510177
0.9228968876510799
0.8801928819787146
0.9810358065303889
0.9832503930826247
0.9785348661704021
0.9522898847607472
0.9410905992085493
0.872241250538985
0.9797469654960528
0.9835088389540145
0.7404626506737895
0.7944723971253507
0.9518624178006927
0.9237058256524464
0.9154014717126739
0.96031879008669
0.9741535371708957
0.9786731025597576
0.9593915988752345
0.9793793300348353
0.941271811168011
0.945227290107617
0.9566712314249264
0.8594950182572128
0.9285519628434651
0.9640887264466224
0.9222865541464922
0.9599689272113916
0.9262330974426266
0.9680066338773561
0.9419042214064881
0.9498814304754936
0.9378765027603124
0.9628201827135956
0.9677883315654447
0.9827406542859517
0.9117595446506521
0.9799128299937441
0.978298402312664
0.9458590302731529
0.9369687155091974
0.9864676605672259
0.9231266147658085
0.8248592244382646
0.9892398936899371
0.8999779314827672
0.9787277419685213
0.9559691817733668
0.9447562670738017
0.9854062765822198
0.9006126783428314
0.9689900351416043
0.8125488116286587
0.9820816457176974
0.9701077718576073
0.9630868419582261
0.8454101392920645
0.9584085796238543
0.9885252236193102
0.9618603697487574
0.9716627058966882
0.9575789086884624
0.9803364430548256
0.9614018237473002
0.9861107131950806
0.9296811714378617
0.9082172777941353
0.9672252069019555
0.9652799136149438
0.9659978694941845
0.9726829362967934
0.9864196830141556
0.6949235682256488
0.9584174229136709
0.9578139950435446
0.8311219506103765
0.9371485163774179
0.9199620034709048
0.9877589413845527
0.9121862111726371
0.8792783909472007
0.9762616962237469
0.9720643521527822
0.9570860730692748
0.9725315382904551
0.9721560037172609
0.9486405535316464
0.9533050178365388
0.9832843396325969
0.9778033382329666
0.9269949122333838
0.9051708564526463
0.9361940788100331
0.9822957691043149
0.9564272515387744
0.9554003499299354
0.9556236828033777
0.9051884739757775
0.9732015104929425
0.9585161260016181
0.9765607427281107
0.9501370660459133
0.971062554108867
0.9852619574111044
0.9639864486270211
0.9653926980579827
0.8423350256841616
0.9813253741097395
0.9886008601728055
0.9951149818148184
0.9845263055987222
0.9019137151397241
0.920614355316002
0.9804394193334961
0.9844839226368794
0.9844333442111802
0.9501641739387798
0.7342165985897763
0.8967850937170943
0.9764829307884627
0.9583160508422683
0.9675529744475476
0.9672549770635133
0.9231085392903684
0.9398283877811864
0.9372929173018598
0.9762483069329677
0.9517022786110185
0.9895969747260835
0.9689653712912554
0.9708173980727551
0.9803103058116506
0.9844895308843464
0.984490507301202
0.9265480690593492
0.9400523130906676
0.9827749220707076
0.9878414006524154
0.9765705144630772
0.7408509409445759
0.9607164615417167
0.8419091414062713
0.9693847978700413
0.9822536564822008
0.950296368287164
0.9931101819875107
0.9788597957184777
0.8987038724243573
0.9732981863751037
0.9486186384073167
0.9318954313181004
0.9732444982405118
0.7933063152457728
0.8807270323766838
0.7355981685180176
0.7904175467719781
0.9695994291106231
0.9451307180486304
0.9867221375076339
0.973618150102983
0.977887972052672
0.8440765477763685
0.9615573522125695
0.9769004223529022
0.9366413139184192
0.9624523251342663
0.9571381792277416
0.8950740024224756
0.9386347160297912
0.9658701677960041
0.784248234676869
0.8581225277610905
0.7875824112838592
0.9539232065387823
0.967629199843455
0.9579409600842894
0.976964267436744
0.8950373752528419
0.9733135445554753
0.9865742700376252
0.7689460558993172
0.9784620850181935
0.9591260755305098
0.8807176075149549
0.984650116073198
0.9355587992564396
0.9721241931104776
0.9459797979655256
0.93055888357005
0.9432467030421858
0.9731427753512738
0.9271476527265247
0.9754717326600061
0.9892588718372968
0.9573587027910322
0.9561051174503885
0.8467125376605417
0.7629357812844298
0.9408640975536217
0.9614218950335427
0.9759580198227465
0.9383417157398904
0.966834885046446
0.9296225588514563
0.9411794657539962
0.9137963317393594
0.9191668498393609
0.9501612725868886
0.814117129364826
0.9439155687142832
0.9814083559677073
0.960320857899765
0.9494769179060661
0.9595571673430726
0.9241183703710387
0.8730862023373424
0.9704993416255288
0.9128857638560223
0.9711610523746524
0.9255018007931457
0.9760551478810351
0.961219616060025
0.9718941208192021
0.9736172160060058
0.9067842860274217
0.9851685286878861
0.9883623867753158
0.7628272565515513
0.9741520250193627
0.9719521187000307
0.976394708468277
0.8690389990465935
0.6694017268847609
0.9674189054791246
0.8091037972672697
0.9246173875396753
0.9851182693778217
0.8699275607208068
0.9911939864035828
0.9404838987074964
0.882374506340747
0.9783098381972042
0.8731320181273245
0.9107072023655001
0.9581726236200643
0.883321114784373
0.9784483823399107
0.9650280905585746
0.9608640749100519
0.7119502292739848
0.9837230363727455
0.9630303026587764
0.962310071004061
0.9063720194998087
0.7890704242237416
0.8984338925576664
0.8994060973037272
0.942587251408357
0.870820609883169
0.9490186854058561
0.9335606344390048
0.9169906994437405
0.9174088479301509
0.9414041556848408
0.9871754340621979
0.9850088340274484
0.9563276593815264
0.9861155594368323
0.9733623112309789
0.9805952184888155
0.9895497335711537
0.7631927471853956
0.9859434141483968
0.9832289844781295
0.9154505497995481
0.9198715883588645
0.9537271533202646
0.9309087937960571
0.9829604037791826
0.9683660199876293
0.9906345426878432
0.9589633918162097
0.9718990392223646
0.8480997480640744
0.9710712025226322
0.9372106702439518
0.9783125481212432
0.7856558878849981
0.9510262077505383
0.733775066978097
0.8681611192093418
0.933424145593866
0.9903631941122932
0.9723283010188807
0.8040978430741533
0.8709059144187643
0.971663252981817
0.9861210049131267
0.9609775175505965
0.9707188696036535
0.9739052479330867
0.9476347808950432
0.9671440345403796
0.9756923477654854
0.9705285073546482
0.936597876546733
0.9186247001435751
0.9668372366357133
0.9388095262509991
0.862161832353998
0.9718644797674203
0.8592648828412772
0.9658942537388377
0.877688961528313
0.9201811987602989
0.8932812175465867
0.8378235820316493
0.9825310343836541
0.9702079008053827
0.9887909751226287
0.9401292709909481
0.9836509578069532
0.9833200747177744
0.9788549487597339
0.7467569846723948
0.9466012455735364
0.9635375669366018
0.9752075450455479
0.9833381380259805
0.97286324457953
0.9406741498960826
0.96862311229072
0.9455836240870908
0.966600592207109
0.9530536627038734
0.9833707689597122
0.9681487431624786
0.9752355559218864
0.8775757470269372
0.8928621964672003
0.9782553983492777
0.932439111484761
0.9408462651081078
0.7552433793195421
0.9176536217034216
0.8713777430697652
0.9715886792828391
0.9682228579205874
0.956178566241877
0.9156787181759355
0.8399029198218146
0.9683449315058802
0.9690210557957191
0.9804753865078658
0.8254520512827686
0.9641827225252957
0.9368283340574095
0.9761718742924536
0.9479512659068232
0.9724891338103302
0.9289825603465959
0.9692392066815934
0.9238003663348937
0.9159321721242991
0.9090012712019728
0.9845505734789459
0.9020583390190481
0.8298233461186911
0.9900445064322564
0.8836617343596564
0.9498263264299854
0.8479080968372408
0.7927068969720961
0.9493015769182136
0.9364901412475876
0.9615879131696363
0.9922281083876395
0.9735200176329109
0.9885976783869866
0.9635359865763377
0.9645253716617234
0.889141552073563
0.921555121413072
0.9796291022608447
0.9622000514161048
0.9753842359755441
0.8750883833813432
0.9895230465701614
0.9743478174348077
0.9654447577389127
0.9533329758180995
0.9278412721196215
0.9900886039356941
0.9337747502798703
0.7297403114705534
0.9538471461509228
0.9668384066112996
0.934027409349284
0.9892326075028517
0.9403109895923567
0.9692337753392624
0.9764251257755655
0.8824079698280793
0.8417333714063212
0.870254541934655
0.8868067774317039
0.9763886824846566
0.9786622571659465
0.9830080560559112
0.9827751196591713
0.9455956479278487
0.9499312114364042
0.9635194652986978
0.925765272694395
0.9455111126709497
0.912935299748737
0.9905511686787517
0.9374060101643501
0.979798120356515
0.9394698704687187
0.7476395779266605
0.9797058231965776
0.9407189163576661
0.9585929616676191
0.9771322429925907
0.8945104125680654
0.9917785958170336
0.7227773785450491
0.9677286409813938
0.9503421807386863
0.9164035890667838
0.9533581390183988
0.9821686321011064
0.8744458420834008
0.9651133006514003
0.8548527329210855
0.8603475254265537
0.8659721600849014
0.6992575944453364
0.9703133145515297
0.9711885247961551
0.9354857535221224
0.9833821256301147
0.9774792061815573
0.9786872370709034
0.9804551088498948
0.8746696357622628
0.9710667141035433
0.9714479185417024
0.904339095385157
0.9827406161784975
0.8620363858284018
0.9769503342390922
0.9729722074878253
0.9544998909808771
0.9890309176259077
0.959057803033749
0.7687507147808326
0.8938047062262677
0.9088214459705707
0.9198808799093784
0.9561111579297965
0.939405454479102
0.9439826925008084
0.7859390504565248
0.9537591520289558
0.9656567441590163
0.9429022938752764
0.9098742406713388
0.8850776609216631
0.9689586349182882
0.9458644886435112
0.9819159366912387
0.9333155417225988
0.9380933072716635
0.7786488571020251
0.9748103045532828
0.8104929561871026
0.9618700703003672
0.9695368846127451
0.9712616189457501
0.9867565727321672
0.980579379573348
0.9479273408509616
0.9512532770621929
0.9365574869767578
0.9358624607364047
0.9245590058230496
0.9722052518267082
0.9734980781710623
0.9830520848614639
0.6730800184914998
0.8581969158753469
0.885187776296121
0.971484649927483
0.954030828692218
0.9807624847428715
0.9703096085654808
0.927028441793044
0.9497494265020491
0.8887453018747603
0.9176392861936932
0.7998388119097251
0.9561987475973404
0.9517622405448195
0.9543055385641631
0.9783965692846444
0.9601116487558905
0.8993217980296041
0.9582696572053684
0.9532492091075326
0.9800112237795561
0.95898693878878
0.9203528345266446
0.9376270311141625
0.9762833901663093
0.881630420151805
0.9586261779119004
0.9623535454348725
0.9875219352598915
0.9770922517796528
0.9674780773743269
0.8876921973329394
0.9602127497576105
0.8483052262644264
0.976722375779645
0.9780511852661339
0.9401028401214822
0.8191987718709569
0.9763015101093024
0.9698896949477372
0.9217862400201225
0.9096585367456314
0.9817730609906166
0.9496483143049219
0.9880787758358316
0.967885922732149
0.9693979915285852
0.9848425554811662
0.8186886747029744
0.9598597228205223
0.9743734842880059
0.9156722205742304
0.9884986877988361
0.9853243640992533
0.8839143956348723
0.9720327397460938
0.9719387148134394
0.811215608678628
0.9618133025859803
0.957760353783149
0.9533307721033998
0.893642284279223
0.9495460170153714
0.9709872449872127
0.9776641158987549
0.8505811401176399
0.8996135943110054
0.9683343818096052
0.887388136975771
0.9857151506091855
0.9644457189381214
0.963900088186975
0.971213024232379
0.9715975005332542
0.9037115982686017
0.8955177048577931
0.9040216040738595
0.8860803847380538
0.9517985008976019
0.9751699906175247
0.6340082185546269
0.6380914676946703
0.9724317633296212
0.9208271678171063
0.756657571709421
0.9358178816316852
0.9882413732124341
0.9490805454617633
0.9566308269600432
0.928453404993077
0.9380553742354328
0.8853092943001326
0.957388824219193
0.9583584209564944
0.9526613714691934
0.9246615790281002
0.9738641379562519
0.9817375949698078
0.9689715869956088
0.9737580636264287
0.9699583643541714
0.9715423311631378
0.9492615050528027
0.9620912667750917
0.9317576133478563
0.8690524105291656
0.9448323392468644
0.9412393375245817
0.9802923884698802
0.9132369055606492
0.9579809018757005
0.9687595583364533
0.9797402647028792
0.7401055013961803
0.9691237941905083
0.9622664328330129
0.9546222536957486
0.9739834487377651
0.9558935989414558
0.9223591905324532
0.9663888099910364
0.9669284540816934
0.9330682185788348
0.9909091367124014
0.9636112361917297
0.9296182155161881
0.9122655533155012
0.9193217871644204
0.967947334217194
0.9612370272740763
0.9432647451229648
0.9501956522128557
0.8522634457692961
0.97291536971852
0.9499417888757861
0.94295305883089
0.9589548554484741
0.9597591656132057
0.8096087645315787
0.9770776621876437
0.9654932330154663
0.9327966357106269
0.9376096555892178
0.9694205551511005
0.9373309479807312
0.8947787245205951
0.955838010300137
0.7407145819928888
0.8177677779113158
0.970554213038831
0.8219362934567398
0.983168151655619
0.9500896771520978
0.9548214571154788
0.815107958329244
0.8849792930951123
0.9244896481159028
0.9739193711988101
0.9162565094715238
